"","StartDate","EndDate","Status","Progress","Duration..in.seconds.","Finished","RecordedDate","DistributionChannel","UserLanguage","Q_RecaptchaScore","Consent","Age","Sex","Citizenship","Residency","National_Identity_1","National_Identity_2","OwnCCBeliefs","OwnCCBeliefs_DO","OtherCCBeliefs_1","OtherCCBeliefs_2","OtherCCBeliefs_3","OtherCCBeliefs_4","OtherCCBeliefs_5","OtherCCBeliefs_DO","OwnBLBeliefs","OwnBLBeliefs_DO","OtherBLBeliefs_1","OtherBLBeliefs_2","OtherBLBeliefs_3","OtherBLBeliefs_4","OtherBLBeliefs_5","OtherBLBeliefs_DO","Discuss","Expectation_Changes_1","Expectation_Changes_2","Expectation_Changes_DO","Changes","Expectation_Support_1","Expectation_Support_2","Expectation_Support_DO","Support","Efficacy","Comprehension","Education","PoliticalOrientation","Urbanicity","Nationality_singular","Country","Nationality_plural","Q_TotalDuration","Response.Type","Age_Cat","randomizer_CCfirst","randomizer_ownfirst","Condition","Comprehension.1","FL_11_DO","FL_54_DO"
"1","2022-09-29 10:26:38","2022-09-29 10:32:21","0","100","343","1","2022-09-29 10:32:23","anonymous","TH","1","1","50","1","1","1","10","10","2","4|3|2|1|5","36","20","33","5","6","4|3|2|1|5","3","4|3|2|1|5","22","4","39","27","8","4|3|2|1|5","7","51","49","2|1","3","37","63","2|1","3","7","2","3","4","1","ไทย","ไทย","ไทย","343","Complete","50-59","0","1","Control","Pass","FL_64","Control"
"2","2022-09-29 10:35:00","2022-09-29 10:38:36","0","100","216","1","2022-09-29 10:38:36","anonymous","TH","1","1","31","1","1","1","10","10","3","1|2|3|4|5","33","18","14","35","0","1|2|3|4|5","1","1|2|3|4|5","0","15","14","28","43","1|2|3|4|5","7","51","49","1|2","4","41","59","1|2","4","7","2","4","5","1","ไทย","ไทย","ไทย","216","Complete","30-39","1","0","Intervention","Pass","FL_76","Intervention"
"3","2022-09-29 10:38:06","2022-09-29 10:41:02","0","100","176","1","2022-09-29 10:41:03","anonymous","TH","0.8999999761581421","1","32","1","1","1","10","5","1","4|3|2|1|5","27","32","18","12","11","4|3|2|1|5","1","4|3|2|1|5","37","33","10","10","10","4|3|2|1|5","7","58","42","2|1","4","46","54","2|1","3","7","2","6","4","1","ไทย","ไทย","ไทย","176","Speeder","30-39","0","0","Control","Pass","FL_88","Control"
"4","2022-09-29 10:40:11","2022-09-29 10:46:11","0","100","360","1","2022-09-29 10:46:12","anonymous","TH","1","1","44","1","1","1","10","10","2","4|3|2|1|5","0","100","0","0","0","4|3|2|1|5","2","4|3|2|1|5","0","100","0","0","0","4|3|2|1|5","7","0","100","2|1","4","0","100","2|1","4","7","2","5","10","1","ไทย","ไทย","ไทย","360","Complete","40-49","0","0","Intervention","Pass","FL_88","Intervention"
"5","2022-09-29 10:44:15","2022-09-29 10:48:20","0","100","244","1","2022-09-29 10:48:20","anonymous","TH","1","1","54","0","1","1","10","10","1","4|3|2|1|5","100","0","0","0","0","4|3|2|1|5","4","4|3|2|1|5","0","0","0","100","0","4|3|2|1|5","7","30","70","2|1","4","30","70","2|1","4","7","2","7","5","1","ไทย","ไทย","ไทย","244","Complete","50-59","0","1","Control","Pass","FL_64","Control"
"6","2022-09-29 10:29:26","2022-09-29 10:51:43","0","100","1336","1","2022-09-29 10:51:43","anonymous","TH","0.8999999761581421","1","58","1","1","1","10","10","1","4|3|2|1|5","53","17","7","3","20","4|3|2|1|5","2","4|3|2|1|5","20","54","8","3","15","4|3|2|1|5","7","20","80","2|1","3","16","84","2|1","4","7","2","3","9","2","ไทย","ไทย","ไทย","1336","Complete","50-59","1","1","Intervention","Pass","FL_63","Intervention"
"7","2022-09-29 10:50:26","2022-09-29 10:54:45","0","100","258","1","2022-09-29 10:54:46","anonymous","TH","1","1","41","0","1","1","10","7","1","1|2|3|4|5","38","29","14","0","19","1|2|3|4|5","1","1|2|3|4|5","21","13","17","0","49","1|2|3|4|5","7","66","34","1|2","4","0","100","1|2","4","5","2","5","2","1","ไทย","ไทย","ไทย","258","Complete","40-49","1","0","Control","Pass","FL_76","Control"
"8","2022-09-29 10:56:46","2022-09-29 11:05:39","0","100","533","1","2022-09-29 11:05:40","anonymous","TH","1","1","59","1","1","1","5","5","2","4|3|2|1|5","10","90","0","0","0","4|3|2|1|5","1","4|3|2|1|5","90","10","0","0","0","4|3|2|1|5","7","40","60","2|1","3","30","70","2|1","3","5","2","6","8","1","ไทย","ไทย","ไทย","533","Complete","50-59","1","1","Intervention","Pass","FL_63","Intervention"
"9","2022-09-29 11:04:51","2022-09-29 11:10:14","0","100","322","1","2022-09-29 11:10:14","anonymous","TH","1","1","57","0","1","1","10","10","1","1|2|3|4|5","0","100","0","0","0","1|2|3|4|5","1","1|2|3|4|5","100","0","0","0","0","1|2|3|4|5","7","0","100","1|2","4","0","100","1|2","4","7","2","5","0","1","ไทย","ไทย","ไทย","322","Complete","50-59","1","0","Control","Pass","FL_76","Control"
"10","2022-09-29 11:02:56","2022-09-29 11:10:23","0","100","447","1","2022-09-29 11:10:24","anonymous","TH","1","1","36","0","1","1","10","10","1","4|3|2|1|5","0","40","10","50","0","4|3|2|1|5","5","4|3|2|1|5","0","10","40","50","0","4|3|2|1|5","5","50","50","2|1","3","27","73","2|1","4","4","2","5","5","1","ไทย","ไทย","ไทย","447","Complete","30-39","0","0","Intervention","Pass","FL_88","Intervention"
"11","2022-09-29 10:58:27","2022-09-29 11:11:08","0","100","761","1","2022-09-29 11:11:08","anonymous","TH","0.8999999761581421","1","60","0","1","1","10","10","3","4|3|2|1|5","17","31","52","0","0","4|3|2|1|5","4","4|3|2|1|5","12","19","31","25","13","4|3|2|1|5","7","3","97","2|1","4","27","73","2|1","3","7","2","3","5","2","ไทย","ไทย","ไทย","761","Complete","60+","0","1","Control","Pass","FL_64","Control"
"12","2022-09-29 11:12:50","2022-09-29 11:14:38","0","100","108","1","2022-09-29 11:14:39","anonymous","TH","1","1","34","0","1","1","10","10","1","1|2|3|4|5","62","38","0","0","0","1|2|3|4|5","1","1|2|3|4|5","41","13","46","0","0","1|2|3|4|5","5","52","48","1|2","3","63","37","1|2","3","5","2","4","5","1","ไทย","ไทย","ไทย","108","Speeder","30-39","1","1","Control","Pass","FL_63","Control"
"13","2022-09-29 11:08:00","2022-09-29 11:15:32","0","100","452","1","2022-09-29 11:15:33","anonymous","TH","1","1","39","0","1","1","10","8","2","4|3|2|1|5","40","50","10","0","0","4|3|2|1|5","2","4|3|2|1|5","50","50","0","0","0","4|3|2|1|5","7","40","60","2|1","4","10","90","2|1","4","7","2","5","5","1","ไทย","ไทย","ไทย","452","Complete","30-39","1","1","Intervention","Pass","FL_63","Intervention"
"14","2022-09-29 11:12:18","2022-09-29 11:17:44","0","100","325","1","2022-09-29 11:17:44","anonymous","TH","1","1","50","0","1","1","10","10","1","1|2|3|4|5","100","0","0","0","0","1|2|3|4|5","2","1|2|3|4|5","0","50","50","0","0","1|2|3|4|5","7","100","0","1|2","3","100","0","1|2","4","7","2","5","5","1","ไทย","ไทย","ไทย","325","Complete","50-59","0","1","Intervention","Pass","FL_64","Intervention"
"15","2022-09-29 11:10:35","2022-09-29 11:21:23","0","100","647","1","2022-09-29 11:21:24","anonymous","TH","0.8999999761581421","1","57","1","1","1","10","10","2","1|2|3|4|5","40","40","0","0","20","1|2|3|4|5","2","1|2|3|4|5","25","25","20","10","20","1|2|3|4|5","6","20","80","1|2","3","40","60","1|2","3","4","2","5","6","1","ไทย","ไทย","ไทย","647","Complete","50-59","1","0","Control","Pass","FL_76","Control"
"16","2022-09-29 11:34:50","2022-09-29 11:40:01","0","100","310","1","2022-09-29 11:40:01","anonymous","TH","1","1","39","1","1","1","10","10","1","1|2|3|4|5","34","39","19","0","8","1|2|3|4|5","2","1|2|3|4|5","29","55","16","0","0","1|2|3|4|5","7","40","60","1|2","3","39","61","1|2","2","5","2","5","4","1","ไทย","ไทย","ไทย","310","Complete","30-39","0","1","Intervention","Pass","FL_64","Intervention"
"17","2022-09-29 11:32:29","2022-09-29 11:47:15","0","100","886","1","2022-09-29 11:47:16","anonymous","TH","0.800000011920929","1","61","0","1","1","10","10","2","4|3|2|1|5","26","39","24","10","1","4|3|2|1|5","2","4|3|2|1|5","20","22","18","16","24","4|3|2|1|5","4","47","53","2|1","3","49","51","2|1","3","4","2","5","5","1","ไทย","ไทย","ไทย","886","Complete","60+","1","1","Control","Pass","FL_63","Control"
"18","2022-09-29 11:50:38","2022-09-29 11:54:33","0","100","234","1","2022-09-29 11:54:33","anonymous","TH","1","1","43","1","1","1","10","8","1","1|2|3|4|5","100","0","0","0","0","1|2|3|4|5","1","1|2|3|4|5","100","0","0","0","0","1|2|3|4|5","5","75","25","1|2","3","20","80","1|2","4","3","2","6","5","1","ไทย","ไทย","ไทย","234","Complete","40-49","1","0","Intervention","Pass","FL_76","Intervention"
"19","2022-09-29 11:46:41","2022-09-29 12:02:35","0","100","953","1","2022-09-29 12:02:35","anonymous","TH","1","1","62","0","1","1","10","10","1","4|3|2|1|5","65","20","5","5","5","4|3|2|1|5","2","4|3|2|1|5","10","20","30","20","20","4|3|2|1|5","7","10","90","2|1","4","0","100","2|1","4","7","2","5","5","1","ไทย","ไทย","ไทย","953","Complete","60+","0","0","Control","Pass","FL_88","Control"
"20","2022-09-29 11:57:09","2022-09-29 12:07:26","0","100","616","1","2022-09-29 12:07:26","anonymous","TH","1","1","48","0","1","1","10","10","2","4|3|2|1|5","0","100","0","0","0","4|3|2|1|5","2","4|3|2|1|5","9","61","0","30","0","4|3|2|1|5","7","0","100","2|1","3","15","85","2|1","3","6","2","3","5","1","ไทย","ไทย","ไทย","616","Complete","40-49","0","1","Intervention","Pass","FL_64","Intervention"
"21","2022-09-29 12:29:22","2022-09-29 12:31:01","0","100","99","1","2022-09-29 12:31:02","anonymous","TH","0.8999999761581421","1","31","1","1","1","10","10","1","1|2|3|4|5","34","28","16","16","6","1|2|3|4|5","1","1|2|3|4|5","11","22","33","4","30","1|2|3|4|5","7","20","80","1|2","4","39","61","1|2","4","7","2","4","10","1","ไทย","ไทย","ไทย","99","Speeder","30-39","1","0","Control","Pass","FL_76","Control"
"22","2022-09-29 12:39:27","2022-09-29 12:41:26","0","100","118","1","2022-09-29 12:41:26","anonymous","TH","1","1","60","0","1","1","0","0","1","1|2|3|4|5","63","0","0","37","0","1|2|3|4|5","1","1|2|3|4|5","64","36","0","0","0","1|2|3|4|5","1","53","47","1|2","1","55","45","1|2","2","1","2","5","0","1","ไทย","ไทย","ไทย","118","Speeder","60+","1","1","Intervention","Pass","FL_63","Intervention"
"23","2022-09-29 12:41:05","2022-09-29 12:44:12","0","100","187","1","2022-09-29 12:44:13","anonymous","TH","1","1","29","1","1","1","10","10","1","1|2|3|4|5","65","20","15","0","0","1|2|3|4|5","1","1|2|3|4|5","50","11","11","0","28","1|2|3|4|5","7","41","59","1|2","4","36","64","1|2","4","7","2","5","6","1","ไทย","ไทย","ไทย","187","Complete","18-29","1","1","Control","Pass","FL_63","Control"
"24","2022-09-29 12:41:16","2022-09-29 12:47:09","0","100","353","1","2022-09-29 12:47:11","anonymous","TH","1","1","42","0","1","1","10","7","2","1|2|3|4|5","45","55","0","0","0","1|2|3|4|5","1","1|2|3|4|5","56","44","0","0","0","1|2|3|4|5","7","13","87","1|2","4","29","71","1|2","3","7","2","5","0","1","ไทย","ไทย","ไทย","353","Complete","40-49","0","1","Intervention","Pass","FL_64","Intervention"
"25","2022-09-29 11:08:53","2022-09-29 17:08:59","0","100","21606","1","2022-09-29 17:09:01","anonymous","TH","1","1","50","0","1","1","10","10","1","1|2|3|4|5","50","30","0","0","20","1|2|3|4|5","1","1|2|3|4|5","30","20","0","0","50","1|2|3|4|5","7","80","20","1|2","4","0","100","1|2","3","6","2","5","5","1","ไทย","ไทย","ไทย","21606","Complete","50-59","0","0","Intervention","Pass","FL_88","Intervention"
"26","2022-09-30 15:03:01","2022-09-30 15:05:20","0","100","139","1","2022-09-30 15:05:21","anonymous","TH","0.8999999761581421","1","30","0","1","1","9","7","1","1|2|3|4|5","37","37","15","4","7","1|2|3|4|5","2","1|2|3|4|5","27","16","8","41","8","1|2|3|4|5","5","54","46","1|2","3","82","18","1|2","3","7","2","5","7","1","ไทย","ไทย","ไทย","139","Speeder","30-39","1","0","Control","Pass","FL_76","Control"
"27","2022-09-30 15:02:34","2022-09-30 15:05:40","0","100","185","1","2022-09-30 15:05:40","anonymous","TH","1","1","49","1","1","1","9","7","4","4|3|2|1|5","0","28","32","40","0","4|3|2|1|5","4","4|3|2|1|5","0","37","16","24","23","4|3|2|1|5","4","69","31","2|1","2","62","38","2|1","2","2","1","","","","ไทย","ไทย","ไทย","185","QualityFail","40-49","1","0","Control","Fail","FL_76","Control"
"28","2022-09-30 15:05:25","2022-09-30 15:06:50","0","100","84","1","2022-09-30 15:06:50","anonymous","TH","1","1","20","1","1","1","3","3","2","1|2|3|4|5","26","53","21","0","0","1|2|3|4|5","2","1|2|3|4|5","29","51","20","0","0","1|2|3|4|5","3","28","72","1|2","2","45","55","1|2","2","2","2","4","2","2","ไทย","ไทย","ไทย","84","Speeder","18-29","0","1","Intervention","Pass","FL_64","Intervention"
"29","2022-09-30 15:05:51","2022-09-30 15:08:49","0","100","177","1","2022-09-30 15:08:50","anonymous","TH","1","1","30","1","1","1","8","7","3","4|3|2|1|5","14","16","27","4","39","4|3|2|1|5","2","4|3|2|1|5","16","14","10","20","40","4|3|2|1|5","4","51","49","2|1","3","28","72","2|1","3","7","2","4","3","1","ไทย","ไทย","ไทย","177","Speeder","30-39","1","1","Intervention","Pass","FL_63","Intervention"
"30","2022-09-30 15:04:45","2022-09-30 15:09:17","0","100","272","1","2022-09-30 15:09:18","anonymous","TH","1","1","31","0","1","1","10","9","3","4|3|2|1|5","20","18","11","24","27","4|3|2|1|5","2","4|3|2|1|5","21","17","23","23","16","4|3|2|1|5","6","76","24","2|1","3","7","93","2|1","3","99","2","5","5","2","ไทย","ไทย","ไทย","272","Complete","30-39","0","0","Control","Pass","FL_88","Control"
"31","2022-09-30 15:06:30","2022-09-30 15:09:40","0","100","190","1","2022-09-30 15:09:42","anonymous","TH","0.8999999761581421","1","51","1","1","1","10","10","1","1|2|3|4|5","95","5","0","0","0","1|2|3|4|5","1","1|2|3|4|5","100","0","0","0","0","1|2|3|4|5","6","52","48","1|2","4","0","100","1|2","3","6","2","5","5","1","ไทย","ไทย","ไทย","190","Complete","50-59","1","0","Control","Pass","FL_76","Control"
"32","2022-09-30 15:07:05","2022-09-30 15:10:01","0","100","175","1","2022-09-30 15:10:01","anonymous","TH","1","1","21","1","1","1","10","10","2","4|3|2|1|5","20","23","15","19","23","4|3|2|1|5","2","4|3|2|1|5","20","20","20","20","20","4|3|2|1|5","4","50","50","2|1","2","50","50","2|1","2","5","2","5","5","2","ไทย","ไทย","ไทย","175","Speeder","18-29","0","1","Intervention","Pass","FL_64","Intervention"
"33","2022-09-30 15:06:30","2022-09-30 15:10:13","0","100","222","1","2022-09-30 15:10:13","anonymous","TH","0.8999999761581421","1","38","1","1","1","10","7","2","1|2|3|4|5","19","45","27","9","0","1|2|3|4|5","2","1|2|3|4|5","49","32","9","0","10","1|2|3|4|5","7","24","76","1|2","3","26","74","1|2","3","6","2","6","6","1","ไทย","ไทย","ไทย","222","Complete","30-39","0","1","Control","Pass","FL_64","Control"
"34","2022-09-30 15:05:53","2022-09-30 15:10:11","0","100","258","1","2022-09-30 15:10:15","anonymous","TH","0.8999999761581421","1","43","1","1","1","10","10","1","4|3|2|1|5","50","40","10","0","0","4|3|2|1|5","1","4|3|2|1|5","50","40","10","0","0","4|3|2|1|5","7","20","80","2|1","4","10","90","2|1","4","5","2","5","0","1","ไทย","ไทย","ไทย","258","Complete","40-49","1","1","Intervention","Pass","FL_63","Intervention"
"35","2022-09-30 15:06:10","2022-09-30 15:11:22","0","100","312","1","2022-09-30 15:11:23","anonymous","TH","0.8999999761581421","1","26","1","1","1","10","10","5","1|2|3|4|5","12","38","50","0","0","1|2|3|4|5","5","1|2|3|4|5","20","20","0","0","60","1|2|3|4|5","5","42","58","1|2","2","50","50","1|2","2","5","2","3","5","1","ไทย","ไทย","ไทย","312","Complete","18-29","1","0","Control","Pass","FL_76","Control"
"36","2022-09-30 15:06:16","2022-09-30 15:11:36","0","100","320","1","2022-09-30 15:11:37","anonymous","TH","1","1","32","1","1","1","0","0","1","1|2|3|4|5","53","47","0","0","0","1|2|3|4|5","5","1|2|3|4|5","33","28","25","14","0","1|2|3|4|5","7","16","84","1|2","2","49","51","1|2","3","4","2","5","5","2","ไทย","ไทย","ไทย","320","Complete","30-39","1","1","Intervention","Pass","FL_63","Intervention"
"37","2022-09-30 15:07:24","2022-09-30 15:11:55","0","100","270","1","2022-09-30 15:11:57","anonymous","TH","1","1","32","1","1","1","3","3","4","4|3|2|1|5","0","4","59","37","0","4|3|2|1|5","4","4|3|2|1|5","0","6","48","46","0","4|3|2|1|5","3","35","65","2|1","4","0","100","2|1","3","3","2","4","5","1","ไทย","ไทย","ไทย","270","Complete","30-39","1","1","Control","Pass","FL_63","Control"
"38","2022-09-30 15:08:08","2022-09-30 15:11:57","0","100","228","1","2022-09-30 15:11:57","anonymous","TH","1","1","51","1","1","1","10","7","1","4|3|2|1|5","0","50","0","50","0","4|3|2|1|5","2","4|3|2|1|5","0","43","57","0","0","4|3|2|1|5","7","0","100","2|1","4","0","100","2|1","4","7","2","5","5","2","ไทย","ไทย","ไทย","228","Complete","50-59","1","1","Intervention","Pass","FL_63","Intervention"
"39","2022-09-30 15:07:40","2022-09-30 15:13:00","0","100","319","1","2022-09-30 15:13:00","anonymous","TH","1","1","63","1","1","1","8","7","1","4|3|2|1|5","31","55","14","0","0","4|3|2|1|5","1","4|3|2|1|5","31","23","29","17","0","4|3|2|1|5","4","64","36","2|1","4","33","67","2|1","4","4","2","2","7","1","ไทย","ไทย","ไทย","319","Complete","60+","1","0","Control","Pass","FL_76","Control"
"40","2022-09-30 15:07:40","2022-09-30 15:13:15","0","100","335","1","2022-09-30 15:13:15","anonymous","TH","1","1","44","1","1","1","10","10","1","1|2|3|4|5","100","0","0","0","0","1|2|3|4|5","2","1|2|3|4|5","50","50","0","0","0","1|2|3|4|5","6","50","50","1|2","3","0","100","1|2","4","5","2","3","5","1","ไทย","ไทย","ไทย","335","Complete","40-49","1","1","Control","Pass","FL_63","Control"
"41","2022-09-30 15:07:38","2022-09-30 15:13:40","0","100","362","1","2022-09-30 15:13:41","anonymous","TH","1","1","28","1","1","1","8","7","1","1|2|3|4|5","53","47","0","0","0","1|2|3|4|5","1","1|2|3|4|5","62","38","0","0","0","1|2|3|4|5","6","71","29","1|2","3","78","22","1|2","3","4","2","5","8","1","ไทย","ไทย","ไทย","362","Complete","18-29","0","1","Intervention","Pass","FL_64","Intervention"
"42","2022-09-30 15:08:14","2022-09-30 15:13:40","0","100","325","1","2022-09-30 15:13:41","anonymous","TH","1","1","20","0","1","1","7","7","2","1|2|3|4|5","27","25","13","16","19","1|2|3|4|5","3","1|2|3|4|5","15","17","29","29","10","1|2|3|4|5","6","43","57","1|2","3","42","58","1|2","3","6","2","3","8","2","ไทย","ไทย","ไทย","325","Complete","18-29","1","0","Control","Pass","FL_76","Control"
"43","2022-09-30 15:07:18","2022-09-30 15:13:47","0","100","389","1","2022-09-30 15:13:48","anonymous","TH","1","1","52","1","1","1","10","10","1","1|2|3|4|5","90","10","0","0","0","1|2|3|4|5","1","1|2|3|4|5","90","0","0","0","10","1|2|3|4|5","7","70","30","1|2","4","50","50","1|2","4","6","2","5","7","1","ไทย","ไทย","ไทย","389","Complete","50-59","1","1","Intervention","Pass","FL_63","Intervention"
"44","2022-09-30 15:09:20","2022-09-30 15:13:50","0","100","269","1","2022-09-30 15:13:50","anonymous","TH","0.8999999761581421","1","34","0","1","1","10","10","2","4|3|2|1|5","45","0","55","0","0","4|3|2|1|5","1","4|3|2|1|5","0","28","72","0","0","4|3|2|1|5","7","0","100","2|1","2","0","100","2|1","3","7","2","5","5","1","ไทย","ไทย","ไทย","269","Complete","30-39","1","1","Intervention","Pass","FL_63","Intervention"
"45","2022-09-30 15:07:34","2022-09-30 15:14:00","0","100","386","1","2022-09-30 15:14:00","anonymous","TH","1","1","20","1","1","1","9","10","2","4|3|2|1|5","36","9","18","19","18","4|3|2|1|5","2","4|3|2|1|5","38","25","22","13","2","4|3|2|1|5","6","14","86","2|1","3","48","52","2|1","4","4","2","5","0","2","ไทย","ไทย","ไทย","386","Complete","18-29","1","1","Intervention","Pass","FL_63","Intervention"
"46","2022-09-30 15:10:43","2022-09-30 15:14:34","0","100","230","1","2022-09-30 15:14:39","anonymous","TH","1","1","29","1","1","1","10","10","1","1|2|3|4|5","25","14","34","21","6","1|2|3|4|5","2","1|2|3|4|5","23","26","11","12","28","1|2|3|4|5","7","0","100","1|2","4","51","49","1|2","3","4","2","5","10","1","ไทย","ไทย","ไทย","230","Complete","18-29","1","0","Intervention","Pass","FL_76","Intervention"
"47","2022-09-30 15:10:36","2022-09-30 15:14:44","0","100","248","1","2022-09-30 15:14:44","anonymous","TH","1","1","31","0","1","1","8","5","5","4|3|2|1|5","0","50","0","50","0","4|3|2|1|5","3","4|3|2|1|5","0","50","43","7","0","4|3|2|1|5","4","66","34","2|1","3","66","34","2|1","2","99","2","3","5","2","ไทย","ไทย","ไทย","248","Complete","30-39","0","0","Control","Pass","FL_88","Control"
"48","2022-09-30 15:11:37","2022-09-30 15:14:46","0","100","188","1","2022-09-30 15:14:48","anonymous","TH","1","1","41","0","1","1","7","5","1","4|3|2|1|5","20","18","33","21","8","4|3|2|1|5","2","4|3|2|1|5","21","20","17","14","28","4|3|2|1|5","6","0","100","2|1","3","50","50","2|1","3","6","2","7","4","1","ไทย","ไทย","ไทย","188","Complete","40-49","1","0","Control","Pass","FL_76","Control"
"49","2022-09-30 15:08:01","2022-09-30 15:14:55","0","100","413","1","2022-09-30 15:14:56","anonymous","TH","1","1","55","1","1","1","10","10","2","4|3|2|1|5","32","13","28","10","17","4|3|2|1|5","2","4|3|2|1|5","5","33","27","18","17","4|3|2|1|5","7","42","58","2|1","3","36","64","2|1","4","7","2","5","2","1","ไทย","ไทย","ไทย","413","Complete","50-59","0","1","Control","Pass","FL_64","Control"
"50","2022-09-30 15:06:20","2022-09-30 15:14:57","0","100","517","1","2022-09-30 15:14:58","anonymous","TH","1","1","46","1","1","1","10","10","2","4|3|2|1|5","20","50","30","0","0","4|3|2|1|5","2","4|3|2|1|5","20","30","20","30","0","4|3|2|1|5","7","30","70","2|1","3","20","80","2|1","3","5","2","5","5","1","ไทย","ไทย","ไทย","517","Complete","40-49","0","0","Control","Pass","FL_88","Control"
"51","2022-09-30 15:09:39","2022-09-30 15:15:02","0","100","323","1","2022-09-30 15:15:02","anonymous","TH","1","1","51","0","1","1","10","10","1","1|2|3|4|5","48","37","15","0","0","1|2|3|4|5","1","1|2|3|4|5","30","21","0","36","13","1|2|3|4|5","7","65","35","1|2","4","44","56","1|2","4","7","4","","","","ไทย","ไทย","ไทย","323","QualityFail","50-59","0","0","Intervention","Fail","FL_88","Intervention"
"52","2022-09-30 15:09:55","2022-09-30 15:15:10","0","100","315","1","2022-09-30 15:15:11","anonymous","TH","0.8999999761581421","1","50","0","1","1","10","10","1","4|3|2|1|5","64","25","0","0","11","4|3|2|1|5","1","4|3|2|1|5","35","28","29","2","6","4|3|2|1|5","7","37","63","2|1","4","0","100","2|1","4","6","2","5","5","1","ไทย","ไทย","ไทย","315","Complete","50-59","0","1","Control","Pass","FL_64","Control"
"53","2022-09-30 15:08:15","2022-09-30 15:15:31","0","100","436","1","2022-09-30 15:15:31","anonymous","TH","1","1","52","1","1","1","10","10","2","4|3|2|1|5","63","13","24","0","0","4|3|2|1|5","1","4|3|2|1|5","46","30","24","0","0","4|3|2|1|5","7","25","75","2|1","4","64","36","2|1","4","4","2","5","5","1","ไทย","ไทย","ไทย","436","Complete","50-59","1","0","Intervention","Pass","FL_76","Intervention"
"54","2022-09-30 15:09:44","2022-09-30 15:15:35","0","100","350","1","2022-09-30 15:15:35","anonymous","TH","0.8999999761581421","1","43","0","1","1","10","10","1","1|2|3|4|5","20","20","20","20","20","1|2|3|4|5","1","1|2|3|4|5","20","20","20","20","20","1|2|3|4|5","7","50","50","1|2","4","50","50","1|2","3","7","2","4","5","1","ไทย","ไทย","ไทย","350","Complete","40-49","1","0","Intervention","Pass","FL_76","Intervention"
"55","2022-09-30 15:10:05","2022-09-30 15:16:09","0","100","364","1","2022-09-30 15:16:10","anonymous","TH","1","1","41","0","1","1","10","7","1","4|3|2|1|5","26","28","25","0","21","4|3|2|1|5","1","4|3|2|1|5","18","8","28","23","23","4|3|2|1|5","7","70","30","2|1","4","60","40","2|1","4","5","2","5","4","1","ไทย","ไทย","ไทย","364","Complete","40-49","0","0","Intervention","Pass","FL_88","Intervention"
"56","2022-09-30 15:10:24","2022-09-30 15:16:19","0","100","355","1","2022-09-30 15:16:20","anonymous","TH","1","1","52","1","1","1","10","10","1","4|3|2|1|5","37","30","22","10","1","4|3|2|1|5","1","4|3|2|1|5","19","28","14","16","23","4|3|2|1|5","7","50","50","2|1","3","20","80","2|1","3","6","2","5","4","1","ไทย","ไทย","ไทย","355","Complete","50-59","0","1","Intervention","Pass","FL_64","Intervention"
"57","2022-09-30 15:06:46","2022-09-30 15:16:21","0","100","574","1","2022-09-30 15:16:21","anonymous","TH","1","1","50","1","1","1","10","10","2","4|3|2|1|5","0","35","29","36","0","4|3|2|1|5","2","4|3|2|1|5","0","100","0","0","0","4|3|2|1|5","7","45","55","2|1","3","55","45","2|1","3","5","2","5","5","1","ไทย","ไทย","ไทย","574","Complete","50-59","0","0","Control","Pass","FL_88","Control"
"58","2022-09-30 15:07:00","2022-09-30 15:16:22","0","100","561","1","2022-09-30 15:16:22","anonymous","TH","1","1","60","1","1","1","10","10","1","4|3|2|1|5","40","20","20","10","10","4|3|2|1|5","1","4|3|2|1|5","30","30","10","10","20","4|3|2|1|5","4","60","40","2|1","3","60","40","2|1","3","4","2","5","4","1","ไทย","ไทย","ไทย","561","Complete","60+","0","1","Control","Pass","FL_64","Control"
"59","2022-09-30 15:08:51","2022-09-30 15:16:34","0","100","463","1","2022-09-30 15:16:35","anonymous","TH","","1","21","0","1","1","5","5","2","4|3|2|1|5","20","30","17","11","22","4|3|2|1|5","2","4|3|2|1|5","30","40","20","10","0","4|3|2|1|5","5","20","80","2|1","4","0","100","2|1","3","5","2","5","5","1","ไทย","ไทย","ไทย","463","Complete","18-29","1","0","Intervention","Pass","FL_76","Intervention"
"60","2022-09-30 15:10:37","2022-09-30 15:16:40","0","100","362","1","2022-09-30 15:16:40","anonymous","TH","1","1","46","1","1","1","10","10","2","4|3|2|1|5","30","27","17","5","21","4|3|2|1|5","2","4|3|2|1|5","12","16","29","18","25","4|3|2|1|5","7","59","41","2|1","3","25","75","2|1","3","7","2","3","6","1","ไทย","ไทย","ไทย","362","Complete","40-49","0","0","Control","Pass","FL_88","Control"
"61","2022-09-30 15:11:17","2022-09-30 15:16:41","0","100","323","1","2022-09-30 15:16:41","anonymous","TH","1","1","32","1","1","1","10","10","3","4|3|2|1|5","0","16","41","43","0","4|3|2|1|5","1","4|3|2|1|5","0","0","50","50","0","4|3|2|1|5","7","52","48","2|1","2","0","100","2|1","4","7","2","6","10","1","ไทย","ไทย","ไทย","323","Complete","30-39","0","1","Control","Pass","FL_64","Control"
"62","2022-09-30 15:10:50","2022-09-30 15:16:41","0","100","350","1","2022-09-30 15:16:41","anonymous","TH","1","1","40","1","1","1","10","10","1","1|2|3|4|5","8","23","27","26","16","1|2|3|4|5","1","1|2|3|4|5","50","9","11","9","21","1|2|3|4|5","7","38","62","1|2","3","50","50","1|2","4","7","2","3","5","2","ไทย","ไทย","ไทย","350","Complete","40-49","0","0","Control","Pass","FL_88","Control"
"63","2022-09-30 15:07:05","2022-09-30 15:16:48","0","100","582","1","2022-09-30 15:16:48","anonymous","TH","1","1","66","1","1","1","10","10","2","4|3|2|1|5","25","30","25","0","20","4|3|2|1|5","2","4|3|2|1|5","40","40","0","0","20","4|3|2|1|5","6","20","80","2|1","3","40","60","2|1","3","5","2","4","6","1","ไทย","ไทย","ไทย","582","Complete","60+","1","0","Control","Pass","FL_76","Control"
"64","2022-09-30 15:12:38","2022-09-30 15:16:52","0","100","253","1","2022-09-30 15:16:52","anonymous","TH","1","1","51","1","1","1","10","10","1","4|3|2|1|5","39","27","0","19","15","4|3|2|1|5","1","4|3|2|1|5","24","12","22","23","19","4|3|2|1|5","7","63","37","2|1","4","49","51","2|1","4","7","2","5","5","1","ไทย","ไทย","ไทย","253","Complete","50-59","1","1","Intervention","Pass","FL_63","Intervention"
"65","2022-09-30 15:12:29","2022-09-30 15:16:53","0","100","263","1","2022-09-30 15:16:53","anonymous","TH","1","1","35","1","1","1","10","10","5","1|2|3|4|5","56","44","0","0","0","1|2|3|4|5","5","1|2|3|4|5","53","47","0","0","0","1|2|3|4|5","6","38","62","1|2","1","52","48","1|2","1","99","2","3","0","2","ไทย","ไทย","ไทย","263","Complete","30-39","1","0","Control","Pass","FL_76","Control"
"66","2022-09-30 15:10:49","2022-09-30 15:16:54","0","100","365","1","2022-09-30 15:16:55","anonymous","TH","1","1","25","0","1","1","2","3","2","1|2|3|4|5","0","0","0","24","76","1|2|3|4|5","3","1|2|3|4|5","0","55","0","45","0","1|2|3|4|5","5","65","35","1|2","3","50","50","1|2","3","4","2","5","4","1","ไทย","ไทย","ไทย","365","Complete","18-29","1","0","Intervention","Pass","FL_76","Intervention"
"67","2022-09-30 15:13:06","2022-09-30 15:16:58","0","100","232","1","2022-09-30 15:16:58","anonymous","TH","1","1","59","1","1","1","10","10","1","1|2|3|4|5","25","25","25","25","0","1|2|3|4|5","1","1|2|3|4|5","25","25","25","25","0","1|2|3|4|5","7","0","100","1|2","4","0","100","1|2","4","7","2","5","5","1","ไทย","ไทย","ไทย","232","Complete","50-59","1","1","Intervention","Pass","FL_63","Intervention"
"68","2022-09-30 15:12:09","2022-09-30 15:16:58","0","100","289","1","2022-09-30 15:16:58","anonymous","TH","1","1","18","0","1","1","4","4","2","1|2|3|4|5","50","0","50","0","0","1|2|3|4|5","1","1|2|3|4|5","50","50","0","0","0","1|2|3|4|5","3","51","49","1|2","2","5","95","1|2","2","7","2","4","5","2","ไทย","ไทย","ไทย","289","Complete","18-29","0","1","Control","Pass","FL_64","Control"
"69","2022-09-30 15:08:35","2022-09-30 15:17:00","0","100","505","1","2022-09-30 15:17:01","anonymous","TH","1","1","59","1","1","1","10","10","2","4|3|2|1|5","19","23","10","28","20","4|3|2|1|5","2","4|3|2|1|5","21","18","18","25","18","4|3|2|1|5","6","51","49","2|1","4","59","41","2|1","3","6","2","3","8","1","ไทย","ไทย","ไทย","505","Complete","50-59","0","1","Control","Pass","FL_64","Control"
"70","2022-09-30 15:07:05","2022-09-30 15:17:03","0","100","598","1","2022-09-30 15:17:04","anonymous","TH","1","1","50","1","1","1","10","10","2","4|3|2|1|5","40","50","0","0","10","4|3|2|1|5","2","4|3|2|1|5","0","100","0","0","0","4|3|2|1|5","7","70","30","2|1","3","60","40","2|1","4","5","2","5","0","2","ไทย","ไทย","ไทย","598","Complete","50-59","0","0","Intervention","Pass","FL_88","Intervention"
"71","2022-09-30 15:09:16","2022-09-30 15:17:04","0","100","467","1","2022-09-30 15:17:04","anonymous","TH","1","1","59","1","1","1","10","10","2","4|3|2|1|5","18","20","26","14","22","4|3|2|1|5","2","4|3|2|1|5","43","11","17","18","11","4|3|2|1|5","6","44","56","2|1","4","49","51","2|1","3","6","2","3","8","1","ไทย","ไทย","ไทย","467","Complete","50-59","0","1","Control","Pass","FL_64","Control"
"72","2022-09-30 15:13:59","2022-09-30 15:17:12","0","100","193","1","2022-09-30 15:17:12","anonymous","TH","1","1","52","0","1","1","9","9","1","1|2|3|4|5","51","49","0","0","0","1|2|3|4|5","1","1|2|3|4|5","32","37","25","6","0","1|2|3|4|5","5","54","46","1|2","3","44","56","1|2","3","6","2","4","3","1","ไทย","ไทย","ไทย","193","Complete","50-59","1","1","Control","Pass","FL_63","Control"
"73","2022-09-30 15:02:49","2022-09-30 15:17:38","0","100","889","1","2022-09-30 15:17:38","anonymous","TH","1","1","55","1","1","1","10","10","1","4|3|2|1|5","44","31","0","0","25","4|3|2|1|5","1","4|3|2|1|5","7","39","11","1","42","4|3|2|1|5","6","82","18","2|1","3","17","83","2|1","3","2","2","4","3","1","ไทย","ไทย","ไทย","889","Complete","50-59","0","0","Intervention","Pass","FL_88","Intervention"
"74","2022-09-30 15:13:26","2022-09-30 15:17:39","0","100","252","1","2022-09-30 15:17:39","anonymous","TH","1","1","42","1","1","1","10","10","2","1|2|3|4|5","43","23","23","11","0","1|2|3|4|5","3","1|2|3|4|5","42","22","36","0","0","1|2|3|4|5","7","49","51","1|2","3","53","47","1|2","3","5","2","3","4","2","ไทย","ไทย","ไทย","252","Complete","40-49","0","0","Intervention","Pass","FL_88","Intervention"
"75","2022-09-30 15:12:22","2022-09-30 15:17:59","0","100","336","1","2022-09-30 15:18:01","anonymous","TH","1","1","21","0","1","1","10","10","1","4|3|2|1|5","0","26","14","0","60","4|3|2|1|5","3","4|3|2|1|5","0","36","31","33","0","4|3|2|1|5","7","0","100","2|1","1","0","100","2|1","3","5","2","3","10","2","ไทย","ไทย","ไทย","336","Complete","18-29","0","0","Control","Pass","FL_88","Control"
"76","2022-09-30 15:10:07","2022-09-30 15:18:26","0","100","499","1","2022-09-30 15:18:27","anonymous","TH","0.8999999761581421","1","55","0","1","1","8","8","3","1|2|3|4|5","0","0","80","0","20","1|2|3|4|5","3","1|2|3|4|5","0","0","70","30","0","1|2|3|4|5","7","60","40","1|2","3","60","40","1|2","4","6","2","5","5","1","ไทย","ไทย","ไทย","499","Complete","50-59","1","1","Intervention","Pass","FL_63","Intervention"
"77","2022-09-30 15:07:47","2022-09-30 15:18:56","0","100","669","1","2022-09-30 15:18:56","anonymous","TH","0.8999999761581421","1","63","1","1","1","10","10","2","1|2|3|4|5","20","20","20","20","20","1|2|3|4|5","2","1|2|3|4|5","20","20","10","25","25","1|2|3|4|5","6","20","80","1|2","3","15","85","1|2","3","7","2","5","6","1","ไทย","ไทย","ไทย","669","Complete","60+","0","1","Intervention","Pass","FL_64","Intervention"
"78","2022-09-30 15:08:27","2022-09-30 15:18:58","0","100","630","1","2022-09-30 15:18:58","anonymous","TH","1","1","52","1","1","1","10","8","1","4|3|2|1|5","18","9","9","28","36","4|3|2|1|5","2","4|3|2|1|5","0","0","49","51","0","4|3|2|1|5","7","0","100","2|1","3","18","82","2|1","4","4","2","6","5","1","ไทย","ไทย","ไทย","630","Complete","50-59","0","0","Intervention","Pass","FL_88","Intervention"
"79","2022-09-30 15:10:40","2022-09-30 15:19:00","0","100","500","1","2022-09-30 15:19:00","anonymous","TH","0.8999999761581421","1","44","0","1","1","10","10","1","1|2|3|4|5","100","0","0","0","0","1|2|3|4|5","2","1|2|3|4|5","10","90","0","0","0","1|2|3|4|5","7","70","30","1|2","4","30","70","1|2","4","4","2","5","5","1","ไทย","ไทย","ไทย","500","Complete","40-49","0","1","Intervention","Pass","FL_64","Intervention"
"80","2022-09-30 15:10:14","2022-09-30 15:19:11","0","100","536","1","2022-09-30 15:19:11","anonymous","TH","1","1","40","0","1","1","10","10","5","4|3|2|1|5","40","30","20","10","0","4|3|2|1|5","5","4|3|2|1|5","40","30","20","10","0","4|3|2|1|5","5","50","50","2|1","3","50","50","2|1","4","7","2","6","0","1","ไทย","ไทย","ไทย","536","Complete","40-49","0","1","Control","Pass","FL_64","Control"
"81","2022-09-30 15:09:47","2022-09-30 15:19:30","0","100","582","1","2022-09-30 15:19:31","anonymous","TH","1","1","43","1","1","1","10","10","1","4|3|2|1|5","8","10","18","40","24","4|3|2|1|5","2","4|3|2|1|5","20","20","15","20","25","4|3|2|1|5","7","10","90","2|1","4","50","50","2|1","4","5","2","4","5","1","ไทย","ไทย","ไทย","582","Complete","40-49","1","1","Control","Pass","FL_63","Control"
"82","2022-09-30 15:12:20","2022-09-30 15:19:33","0","100","433","1","2022-09-30 15:19:33","anonymous","TH","1","1","41","0","1","1","10","10","1","4|3|2|1|5","22","22","25","31","0","4|3|2|1|5","1","4|3|2|1|5","4","19","43","34","0","4|3|2|1|5","6","20","80","2|1","4","0","100","2|1","3","7","2","5","5","2","ไทย","ไทย","ไทย","433","Complete","40-49","0","1","Intervention","Pass","FL_64","Intervention"
"83","2022-09-30 15:08:24","2022-09-30 15:19:32","0","100","668","1","2022-09-30 15:19:34","anonymous","TH","1","1","28","1","1","1","0","0","2","1|2|3|4|5","40","40","0","0","20","1|2|3|4|5","2","1|2|3|4|5","35","40","0","0","25","1|2|3|4|5","6","75","25","1|2","3","85","15","1|2","4","3","2","5","5","2","ไทย","ไทย","ไทย","668","Complete","18-29","0","0","Intervention","Pass","FL_88","Intervention"
"84","2022-09-30 15:11:44","2022-09-30 15:20:37","0","100","532","1","2022-09-30 15:20:37","anonymous","TH","1","1","60","0","1","1","9","8","1","1|2|3|4|5","48","37","15","0","0","1|2|3|4|5","1","1|2|3|4|5","50","20","17","5","8","1|2|3|4|5","4","25","75","1|2","3","22","78","1|2","3","4","2","3","5","1","ไทย","ไทย","ไทย","532","Complete","60+","0","1","Control","Pass","FL_64","Control"
"85","2022-09-30 15:07:40","2022-09-30 15:20:41","0","100","781","1","2022-09-30 15:20:43","anonymous","TH","1","1","47","1","1","1","10","10","1","1|2|3|4|5","43","11","1","1","44","1|2|3|4|5","2","1|2|3|4|5","10","10","32","5","43","1|2|3|4|5","7","70","30","1|2","3","27","73","1|2","3","2","2","4","5","2","ไทย","ไทย","ไทย","781","Complete","40-49","0","0","Control","Pass","FL_88","Control"
"86","2022-09-30 15:10:16","2022-09-30 15:20:53","0","100","637","1","2022-09-30 15:20:53","anonymous","TH","1","1","52","1","1","1","10","9","1","4|3|2|1|5","25","38","8","22","7","4|3|2|1|5","1","4|3|2|1|5","25","41","11","18","5","4|3|2|1|5","6","70","30","2|1","3","58","42","2|1","2","4","2","3","5","2","ไทย","ไทย","ไทย","637","Complete","50-59","0","0","Intervention","Pass","FL_88","Intervention"
"87","2022-09-30 15:16:21","2022-09-30 15:21:08","0","100","286","1","2022-09-30 15:21:09","anonymous","TH","1","1","43","0","1","1","4","3","5","4|3|2|1|5","0","25","34","41","0","4|3|2|1|5","5","4|3|2|1|5","0","13","56","31","0","4|3|2|1|5","7","54","46","2|1","3","62","38","2|1","3","99","2","3","10","1","ไทย","ไทย","ไทย","286","Complete","40-49","0","0","Intervention","Pass","FL_88","Intervention"
"88","2022-09-30 15:11:27","2022-09-30 15:21:12","0","100","585","1","2022-09-30 15:21:16","anonymous","TH","1","1","52","1","1","1","10","8","2","4|3|2|1|5","43","41","16","0","0","4|3|2|1|5","2","4|3|2|1|5","50","35","15","0","0","4|3|2|1|5","6","36","64","2|1","3","23","77","2|1","3","5","2","5","7","1","ไทย","ไทย","ไทย","585","Complete","50-59","0","0","Intervention","Pass","FL_88","Intervention"
"89","2022-09-30 15:10:55","2022-09-30 15:21:16","0","100","621","1","2022-09-30 15:21:16","anonymous","TH","1","1","51","0","1","1","10","10","2","1|2|3|4|5","39","30","29","2","0","1|2|3|4|5","1","1|2|3|4|5","18","46","15","9","12","1|2|3|4|5","7","25","75","1|2","4","12","88","1|2","3","7","2","5","5","1","ไทย","ไทย","ไทย","621","Complete","50-59","1","0","Control","Pass","FL_76","Control"
"90","2022-09-30 15:16:28","2022-09-30 15:21:28","0","100","299","1","2022-09-30 15:21:30","anonymous","TH","0.8999999761581421","1","57","1","1","1","10","10","2","1|2|3|4|5","37","30","33","0","0","1|2|3|4|5","2","1|2|3|4|5","42","38","20","0","0","1|2|3|4|5","6","53","47","1|2","3","75","25","1|2","2","5","2","3","5","2","ไทย","ไทย","ไทย","299","Complete","50-59","1","1","Control","Pass","FL_63","Control"
"91","2022-09-30 15:16:49","2022-09-30 15:21:52","0","100","303","1","2022-09-30 15:21:52","anonymous","TH","0.8999999761581421","1","21","0","1","1","9","10","1","1|2|3|4|5","26","30","23","21","0","1|2|3|4|5","2","1|2|3|4|5","42","26","32","0","0","1|2|3|4|5","7","50","50","1|2","3","31","69","1|2","2","6","2","6","5","1","ไทย","ไทย","ไทย","303","Complete","18-29","1","0","Control","Pass","FL_76","Control"
"92","2022-09-30 15:17:43","2022-09-30 15:22:01","0","100","257","1","2022-09-30 15:22:02","anonymous","TH","1","1","44","1","1","1","9","9","1","1|2|3|4|5","33","25","30","12","0","1|2|3|4|5","1","1|2|3|4|5","57","29","14","0","0","1|2|3|4|5","7","35","65","1|2","3","50","50","1|2","2","7","2","2","9","1","ไทย","ไทย","ไทย","257","Complete","40-49","0","0","Control","Pass","FL_88","Control"
"93","2022-09-30 15:10:00","2022-09-30 15:22:02","0","100","722","1","2022-09-30 15:22:04","anonymous","TH","1","1","49","0","1","1","10","10","5","1|2|3|4|5","20","20","20","20","20","1|2|3|4|5","5","1|2|3|4|5","0","20","20","20","40","1|2|3|4|5","7","50","50","1|2","1","60","40","1|2","3","7","2","3","10","1","ไทย","ไทย","ไทย","722","Complete","40-49","1","1","Control","Pass","FL_63","Control"
"94","2022-09-30 15:15:10","2022-09-30 15:22:11","0","100","421","1","2022-09-30 15:22:12","anonymous","TH","0.8999999761581421","1","56","1","1","1","10","10","2","1|2|3|4|5","38","42","20","0","0","1|2|3|4|5","5","1|2|3|4|5","0","0","36","20","44","1|2|3|4|5","5","50","50","1|2","3","60","40","1|2","2","99","2","2","5","2","ไทย","ไทย","ไทย","421","Complete","50-59","0","0","Intervention","Pass","FL_88","Intervention"
"95","2022-09-30 15:17:00","2022-09-30 15:22:12","0","100","311","1","2022-09-30 15:22:12","anonymous","TH","1","1","58","0","1","1","10","10","2","4|3|2|1|5","0","100","0","0","0","4|3|2|1|5","2","4|3|2|1|5","0","100","0","0","0","4|3|2|1|5","7","0","100","2|1","4","0","100","2|1","3","7","2","5","10","1","ไทย","ไทย","ไทย","311","Complete","50-59","1","1","Intervention","Pass","FL_63","Intervention"
"96","2022-09-30 15:15:41","2022-09-30 15:22:16","0","100","394","1","2022-09-30 15:22:16","anonymous","TH","1","1","57","0","1","1","10","10","1","1|2|3|4|5","50","50","0","0","0","1|2|3|4|5","1","1|2|3|4|5","70","30","0","0","0","1|2|3|4|5","7","20","80","1|2","4","0","100","1|2","3","7","2","5","3","2","ไทย","ไทย","ไทย","394","Complete","50-59","1","1","Intervention","Pass","FL_63","Intervention"
"97","2022-09-30 15:11:03","2022-09-30 15:22:19","0","100","676","1","2022-09-30 15:22:20","anonymous","TH","1","1","29","0","1","1","10","10","1","1|2|3|4|5","67","33","0","0","0","1|2|3|4|5","2","1|2|3|4|5","37","63","0","0","0","1|2|3|4|5","7","30","70","1|2","3","52","48","1|2","2","7","2","5","7","1","ไทย","ไทย","ไทย","676","Complete","18-29","1","0","Intervention","Pass","FL_76","Intervention"
"98","2022-09-30 15:11:17","2022-09-30 15:22:23","0","100","665","1","2022-09-30 15:22:23","anonymous","TH","1","1","38","0","1","1","10","10","1","4|3|2|1|5","20","20","20","20","20","4|3|2|1|5","2","4|3|2|1|5","19","20","19","20","22","4|3|2|1|5","2","50","50","2|1","3","50","50","2|1","2","99","2","4","5","1","ไทย","ไทย","ไทย","665","Complete","30-39","1","1","Control","Pass","FL_63","Control"
"99","2022-09-30 15:14:43","2022-09-30 15:22:43","0","100","480","1","2022-09-30 15:22:43","anonymous","TH","1","1","48","1","1","1","10","10","3","4|3|2|1|5","21","11","21","31","16","4|3|2|1|5","2","4|3|2|1|5","21","2","26","36","15","4|3|2|1|5","7","72","28","2|1","3","54","46","2|1","4","7","2","5","0","1","ไทย","ไทย","ไทย","480","Complete","40-49","0","0","Intervention","Pass","FL_88","Intervention"
"100","2022-09-30 15:12:53","2022-09-30 15:22:51","0","100","598","1","2022-09-30 15:22:52","anonymous","TH","1","1","52","1","1","1","10","10","2","4|3|2|1|5","46","33","9","5","7","4|3|2|1|5","2","4|3|2|1|5","41","31","13","12","3","4|3|2|1|5","6","29","71","2|1","4","17","83","2|1","4","6","2","3","3","1","ไทย","ไทย","ไทย","598","Complete","50-59","1","0","Intervention","Pass","FL_76","Intervention"
"101","2022-09-30 15:14:00","2022-09-30 15:23:04","0","100","543","1","2022-09-30 15:23:04","anonymous","TH","1","1","40","1","1","1","8","9","3","4|3|2|1|5","12","24","30","15","19","4|3|2|1|5","1","4|3|2|1|5","26","18","38","18","0","4|3|2|1|5","6","53","47","2|1","4","54","46","2|1","4","7","2","5","3","1","ไทย","ไทย","ไทย","543","Complete","40-49","1","1","Intervention","Pass","FL_63","Intervention"
"102","2022-09-30 15:13:25","2022-09-30 15:23:05","0","100","579","1","2022-09-30 15:23:05","anonymous","TH","1","1","42","1","1","1","10","10","1","4|3|2|1|5","91","3","3","0","3","4|3|2|1|5","1","4|3|2|1|5","81","10","0","1","8","4|3|2|1|5","7","70","30","2|1","4","18","82","2|1","3","5","2","3","5","1","ไทย","ไทย","ไทย","579","Complete","40-49","0","1","Control","Pass","FL_64","Control"
"103","2022-09-30 15:20:18","2022-09-30 15:23:13","0","100","174","1","2022-09-30 15:23:13","anonymous","TH","1","1","47","1","1","1","8","8","2","4|3|2|1|5","21","0","23","33","23","4|3|2|1|5","2","4|3|2|1|5","18","15","36","18","13","4|3|2|1|5","5","53","47","2|1","2","60","40","2|1","3","6","2","6","7","1","ไทย","ไทย","ไทย","174","Speeder","40-49","1","1","Intervention","Pass","FL_63","Intervention"
"104","2022-09-30 15:18:01","2022-09-30 15:23:22","0","100","320","1","2022-09-30 15:23:22","anonymous","TH","1","1","30","1","1","1","8","7","1","4|3|2|1|5","57","30","3","6","4","4|3|2|1|5","5","4|3|2|1|5","7","37","7","35","14","4|3|2|1|5","5","17","83","2|1","4","15","85","2|1","4","3","2","6","5","2","ไทย","ไทย","ไทย","320","Complete","30-39","0","1","Intervention","Pass","FL_64","Intervention"
"105","2022-09-30 15:20:51","2022-09-30 15:23:44","0","100","173","1","2022-09-30 15:23:45","anonymous","TH","1","1","52","1","1","1","10","10","1","1|2|3|4|5","100","0","0","0","0","1|2|3|4|5","1","1|2|3|4|5","100","0","0","0","0","1|2|3|4|5","6","100","0","1|2","4","100","0","1|2","4","5","2","5","10","1","ไทย","ไทย","ไทย","173","Speeder","50-59","0","1","Control","Pass","FL_64","Control"
"106","2022-09-30 15:17:12","2022-09-30 15:23:53","0","100","400","1","2022-09-30 15:23:53","anonymous","TH","1","1","40","0","1","1","10","10","2","4|3|2|1|5","42","28","0","0","30","4|3|2|1|5","2","4|3|2|1|5","0","19","21","19","41","4|3|2|1|5","6","54","46","2|1","3","43","57","2|1","3","4","2","4","6","1","ไทย","ไทย","ไทย","400","Complete","40-49","1","0","Control","Pass","FL_76","Control"
"107","2022-09-30 15:19:16","2022-09-30 15:24:15","0","100","299","1","2022-09-30 15:24:16","anonymous","TH","1","1","23","1","1","1","10","9","3","1|2|3|4|5","30","10","20","10","30","1|2|3|4|5","2","1|2|3|4|5","30","10","20","20","20","1|2|3|4|5","6","60","40","1|2","3","50","50","1|2","2","6","2","4","9","1","ไทย","ไทย","ไทย","299","Complete","18-29","0","0","Control","Pass","FL_88","Control"
"108","2022-09-30 15:13:57","2022-09-30 15:24:23","0","100","625","1","2022-09-30 15:24:24","anonymous","TH","1","1","60","1","1","1","10","10","2","1|2|3|4|5","34","36","30","0","0","1|2|3|4|5","2","1|2|3|4|5","29","46","25","0","0","1|2|3|4|5","3","43","57","1|2","2","18","82","1|2","3","5","2","5","5","1","ไทย","ไทย","ไทย","625","Complete","60+","1","0","Control","Pass","FL_76","Control"
"109","2022-09-30 15:10:28","2022-09-30 15:24:55","0","100","866","1","2022-09-30 15:24:55","anonymous","TH","1","1","39","1","1","1","10","10","1","4|3|2|1|5","36","47","17","0","0","4|3|2|1|5","1","4|3|2|1|5","21","19","23","23","14","4|3|2|1|5","7","56","44","2|1","3","57","43","2|1","2","7","2","4","5","1","ไทย","ไทย","ไทย","866","Complete","30-39","1","1","Control","Pass","FL_63","Control"
"110","2022-09-30 15:15:12","2022-09-30 15:25:15","0","100","602","1","2022-09-30 15:25:15","anonymous","TH","0.8999999761581421","1","59","1","1","1","1","1","2","4|3|2|1|5","10","20","30","30","10","4|3|2|1|5","3","4|3|2|1|5","10","20","30","30","10","4|3|2|1|5","4","70","30","2|1","3","40","60","2|1","2","4","2","5","5","1","ไทย","ไทย","ไทย","602","Complete","50-59","0","1","Intervention","Pass","FL_64","Intervention"
"111","2022-09-30 15:15:13","2022-09-30 15:25:35","0","100","621","1","2022-09-30 15:25:35","anonymous","TH","0.8999999761581421","1","32","0","1","1","10","10","2","4|3|2|1|5","25","29","31","7","8","4|3|2|1|5","1","4|3|2|1|5","21","38","17","14","10","4|3|2|1|5","7","20","80","2|1","4","24","76","2|1","4","7","2","6","6","1","ไทย","ไทย","ไทย","621","Complete","30-39","1","0","Intervention","Pass","FL_76","Intervention"
"112","2022-09-30 15:06:56","2022-09-30 15:25:40","0","100","1124","1","2022-09-30 15:25:40","anonymous","TH","1","1","38","1","1","1","10","10","2","4|3|2|1|5","35","50","0","0","15","4|3|2|1|5","2","4|3|2|1|5","30","20","20","20","10","4|3|2|1|5","7","45","55","2|1","4","30","70","2|1","2","5","2","5","10","1","ไทย","ไทย","ไทย","1124","Complete","30-39","0","0","Intervention","Pass","FL_88","Intervention"
"113","2022-09-30 15:19:22","2022-09-30 15:25:40","0","100","377","1","2022-09-30 15:25:41","anonymous","TH","1","1","34","0","1","1","8","5","2","4|3|2|1|5","26","30","29","0","15","4|3|2|1|5","2","4|3|2|1|5","17","14","16","32","21","4|3|2|1|5","7","30","70","2|1","3","20","80","2|1","4","4","2","5","6","1","ไทย","ไทย","ไทย","377","Complete","30-39","0","1","Intervention","Pass","FL_64","Intervention"
"114","2022-09-30 15:19:56","2022-09-30 15:25:45","0","100","348","1","2022-09-30 15:25:45","anonymous","TH","0.8999999761581421","1","52","1","1","1","10","10","1","1|2|3|4|5","60","10","10","10","10","1|2|3|4|5","1","1|2|3|4|5","50","30","5","10","5","1|2|3|4|5","7","70","30","1|2","4","35","65","1|2","3","7","2","5","5","1","ไทย","ไทย","ไทย","348","Complete","50-59","0","0","Control","Pass","FL_88","Control"
"115","2022-09-30 15:17:44","2022-09-30 15:26:05","0","100","500","1","2022-09-30 15:26:05","anonymous","TH","1","1","36","1","1","1","10","10","2","4|3|2|1|5","18","22","23","24","13","4|3|2|1|5","1","4|3|2|1|5","25","18","15","12","30","4|3|2|1|5","6","45","55","2|1","3","46","54","2|1","3","7","2","3","5","2","ไทย","ไทย","ไทย","500","Complete","30-39","0","1","Control","Pass","FL_64","Control"
"116","2022-09-30 15:20:43","2022-09-30 15:26:16","0","100","332","1","2022-09-30 15:26:16","anonymous","TH","1","1","46","0","1","1","10","7","2","4|3|2|1|5","7","46","47","0","0","4|3|2|1|5","2","4|3|2|1|5","5","69","26","0","0","4|3|2|1|5","7","14","86","2|1","3","55","45","2|1","3","3","2","5","5","1","ไทย","ไทย","ไทย","332","Complete","40-49","1","1","Intervention","Pass","FL_63","Intervention"
"117","2022-09-30 15:23:13","2022-09-30 15:26:46","0","100","213","1","2022-09-30 15:26:47","anonymous","TH","1","1","33","1","1","1","10","10","1","1|2|3|4|5","43","35","22","0","0","1|2|3|4|5","1","1|2|3|4|5","31","26","35","8","0","1|2|3|4|5","6","60","40","1|2","3","38","62","1|2","3","6","2","5","5","1","ไทย","ไทย","ไทย","213","Complete","30-39","1","1","Control","Pass","FL_63","Control"
"118","2022-09-30 15:21:04","2022-09-30 15:27:09","0","100","364","1","2022-09-30 15:27:10","anonymous","TH","0.8999999761581421","1","40","1","1","1","10","10","1","1|2|3|4|5","100","0","0","0","0","1|2|3|4|5","1","1|2|3|4|5","100","0","0","0","0","1|2|3|4|5","7","40","60","1|2","4","0","100","1|2","4","7","2","5","0","1","ไทย","ไทย","ไทย","364","Complete","40-49","0","0","Control","Pass","FL_88","Control"
"119","2022-09-30 15:24:02","2022-09-30 15:27:19","0","100","196","1","2022-09-30 15:27:19","anonymous","TH","1","1","43","1","1","1","10","10","3","4|3|2|1|5","11","26","16","26","21","4|3|2|1|5","3","4|3|2|1|5","7","25","38","25","5","4|3|2|1|5","7","7","93","2|1","4","10","90","2|1","4","7","2","3","4","1","ไทย","ไทย","ไทย","196","Complete","40-49","1","0","Control","Pass","FL_76","Control"
"120","2022-09-30 15:09:38","2022-09-30 15:27:19","0","100","1061","1","2022-09-30 15:27:20","anonymous","TH","1","1","53","1","1","1","10","10","1","1|2|3|4|5","20","15","20","5","40","1|2|3|4|5","1","1|2|3|4|5","20","40","0","20","20","1|2|3|4|5","7","60","40","1|2","3","40","60","1|2","4","5","2","5","6","2","ไทย","ไทย","ไทย","1061","Complete","50-59","1","0","Intervention","Pass","FL_76","Intervention"
"121","2022-09-30 15:13:47","2022-09-30 15:27:39","0","100","832","1","2022-09-30 15:27:39","anonymous","TH","0.8999999761581421","1","39","0","1","1","10","10","1","4|3|2|1|5","20","20","25","35","0","4|3|2|1|5","1","4|3|2|1|5","30","21","6","10","33","4|3|2|1|5","7","23","77","2|1","3","20","80","2|1","3","7","2","5","3","1","ไทย","ไทย","ไทย","832","Complete","30-39","0","1","Intervention","Pass","FL_64","Intervention"
"122","2022-09-30 15:22:11","2022-09-30 15:28:26","0","100","374","1","2022-09-30 15:28:27","anonymous","TH","1","1","49","1","1","1","10","10","1","4|3|2|1|5","100","0","0","0","0","4|3|2|1|5","1","4|3|2|1|5","100","0","0","0","0","4|3|2|1|5","7","10","90","2|1","4","0","100","2|1","4","7","2","5","6","1","ไทย","ไทย","ไทย","374","Complete","40-49","0","1","Control","Pass","FL_64","Control"
"123","2022-09-30 15:24:39","2022-09-30 15:28:38","0","100","239","1","2022-09-30 15:28:38","anonymous","TH","1","1","50","1","1","1","10","10","1","1|2|3|4|5","8","25","28","16","23","1|2|3|4|5","2","1|2|3|4|5","30","14","19","26","11","1|2|3|4|5","7","60","40","1|2","3","58","42","1|2","2","7","2","5","5","2","ไทย","ไทย","ไทย","239","Complete","50-59","0","1","Intervention","Pass","FL_64","Intervention"
"124","2022-09-30 15:13:06","2022-09-30 15:28:40","0","100","933","1","2022-09-30 15:28:40","anonymous","TH","1","1","53","0","1","1","10","10","1","1|2|3|4|5","40","40","20","0","0","1|2|3|4|5","1","1|2|3|4|5","10","20","14","0","56","1|2|3|4|5","7","30","70","1|2","4","30","70","1|2","4","7","2","5","5","1","ไทย","ไทย","ไทย","933","Complete","50-59","0","0","Control","Pass","FL_88","Control"
"125","2022-09-30 15:15:43","2022-09-30 15:28:43","0","100","779","1","2022-09-30 15:28:43","anonymous","TH","1","1","66","0","1","1","10","9","2","1|2|3|4|5","60","10","20","0","10","1|2|3|4|5","2","1|2|3|4|5","0","0","20","10","70","1|2|3|4|5","6","40","60","1|2","4","30","70","1|2","3","6","2","5","7","1","ไทย","ไทย","ไทย","779","Complete","60+","0","1","Control","Pass","FL_64","Control"
"126","2022-09-30 15:23:27","2022-09-30 15:28:45","0","100","317","1","2022-09-30 15:28:45","anonymous","TH","1","1","42","0","1","1","10","10","2","4|3|2|1|5","0","0","38","62","0","4|3|2|1|5","1","4|3|2|1|5","0","0","63","37","0","4|3|2|1|5","7","38","62","2|1","3","42","58","2|1","3","7","2","5","7","2","ไทย","ไทย","ไทย","317","Complete","40-49","0","0","Intervention","Pass","FL_88","Intervention"
"127","2022-09-30 15:20:57","2022-09-30 15:28:48","0","100","471","1","2022-09-30 15:28:49","anonymous","TH","1","1","51","0","1","1","10","10","1","1|2|3|4|5","62","34","0","0","4","1|2|3|4|5","2","1|2|3|4|5","51","36","13","0","0","1|2|3|4|5","6","40","60","1|2","3","15","85","1|2","3","5","2","5","5","1","ไทย","ไทย","ไทย","471","Complete","50-59","0","0","Intervention","Pass","FL_88","Intervention"
"128","2022-09-30 15:20:01","2022-09-30 15:29:14","0","100","553","1","2022-09-30 15:29:14","anonymous","TH","0.8999999761581421","1","51","0","1","1","10","10","3","4|3|2|1|5","5","35","18","22","20","4|3|2|1|5","2","4|3|2|1|5","30","20","10","15","25","4|3|2|1|5","4","40","60","2|1","2","70","30","2|1","2","4","2","3","5","1","ไทย","ไทย","ไทย","553","Complete","50-59","1","0","Control","Pass","FL_76","Control"
"129","2022-09-30 15:17:29","2022-09-30 15:29:25","0","100","715","1","2022-09-30 15:29:25","anonymous","TH","1","1","37","1","1","1","10","5","2","1|2|3|4|5","33","37","0","0","30","1|2|3|4|5","2","1|2|3|4|5","30","30","0","0","40","1|2|3|4|5","4","20","80","1|2","3","29","71","1|2","4","5","2","3","3","1","ไทย","ไทย","ไทย","715","Complete","30-39","1","0","Intervention","Pass","FL_76","Intervention"
"130","2022-09-30 15:20:30","2022-09-30 15:29:27","0","100","536","1","2022-09-30 15:29:27","anonymous","TH","1","1","43","0","1","1","10","10","1","4|3|2|1|5","31","17","2","0","50","4|3|2|1|5","1","4|3|2|1|5","11","35","26","13","15","4|3|2|1|5","2","96","4","2|1","3","38","62","2|1","4","4","2","5","4","1","ไทย","ไทย","ไทย","536","Complete","40-49","1","0","Intervention","Pass","FL_76","Intervention"
"131","2022-09-30 15:06:25","2022-09-30 15:29:29","0","100","1383","1","2022-09-30 15:29:29","anonymous","TH","1","1","64","0","1","1","10","10","1","4|3|2|1|5","45","40","15","0","0","4|3|2|1|5","2","4|3|2|1|5","30","45","10","10","5","4|3|2|1|5","5","50","50","2|1","4","30","70","2|1","4","5","2","6","5","3","ไทย","ไทย","ไทย","1383","Complete","60+","0","0","Control","Pass","FL_88","Control"
"132","2022-09-30 15:22:27","2022-09-30 15:29:35","0","100","428","1","2022-09-30 15:29:35","anonymous","TH","1","1","44","0","1","1","10","10","2","1|2|3|4|5","15","43","18","15","9","1|2|3|4|5","2","1|2|3|4|5","12","25","22","21","20","1|2|3|4|5","7","15","85","1|2","3","0","100","1|2","4","7","2","4","10","2","ไทย","ไทย","ไทย","428","Complete","40-49","0","0","Control","Pass","FL_88","Control"
"133","2022-09-30 15:21:05","2022-09-30 15:30:15","0","100","550","1","2022-09-30 15:30:16","anonymous","TH","1","1","55","1","1","1","10","10","1","4|3|2|1|5","100","0","0","0","0","4|3|2|1|5","1","4|3|2|1|5","0","100","0","0","0","4|3|2|1|5","5","18","82","2|1","3","0","100","2|1","4","4","2","3","5","1","ไทย","ไทย","ไทย","550","Complete","50-59","1","1","Intervention","Pass","FL_63","Intervention"
"134","2022-09-30 15:20:08","2022-09-30 15:30:31","0","100","623","1","2022-09-30 15:30:33","anonymous","TH","0.8999999761581421","1","59","1","1","1","10","10","1","1|2|3|4|5","47","53","0","0","0","1|2|3|4|5","2","1|2|3|4|5","85","15","0","0","0","1|2|3|4|5","7","41","59","1|2","2","27","73","1|2","2","6","2","3","7","2","ไทย","ไทย","ไทย","623","Complete","50-59","0","1","Control","Pass","FL_64","Control"
"135","2022-09-30 15:24:27","2022-09-30 15:30:32","0","100","365","1","2022-09-30 15:30:33","anonymous","TH","1","1","53","0","1","1","10","10","1","4|3|2|1|5","86","0","14","0","0","4|3|2|1|5","1","4|3|2|1|5","60","30","10","0","0","4|3|2|1|5","7","0","100","2|1","4","12","88","2|1","4","7","2","5","5","1","ไทย","ไทย","ไทย","365","Complete","50-59","1","1","Intervention","Pass","FL_63","Intervention"
"136","2022-09-30 15:10:41","2022-09-30 15:30:38","0","100","1196","1","2022-09-30 15:30:38","anonymous","TH","1","1","45","0","1","1","10","10","1","4|3|2|1|5","30","20","0","0","50","4|3|2|1|5","2","4|3|2|1|5","100","0","0","0","0","4|3|2|1|5","7","40","60","2|1","4","0","100","2|1","4","7","2","5","4","1","ไทย","ไทย","ไทย","1196","Complete","40-49","1","1","Control","Pass","FL_63","Control"
"137","2022-09-30 15:21:29","2022-09-30 15:30:43","0","100","553","1","2022-09-30 15:30:44","anonymous","TH","1","1","54","1","1","1","10","10","1","4|3|2|1|5","52","39","2","2","5","4|3|2|1|5","1","4|3|2|1|5","45","40","5","5","5","4|3|2|1|5","5","70","30","2|1","3","0","100","2|1","4","5","2","5","5","1","ไทย","ไทย","ไทย","553","Complete","50-59","1","0","Control","Pass","FL_76","Control"
"138","2022-09-30 15:28:55","2022-09-30 15:30:50","0","100","115","1","2022-09-30 15:30:50","anonymous","TH","1","1","54","1","1","1","","","","","","","","","","","","","","","","","","","","","","","","","","","","","","","","","ไทย","ไทย","ไทย","115","","50-59","","","","","",""
"139","2022-09-30 15:30:11","2022-09-30 15:30:54","0","100","43","1","2022-09-30 15:30:54","anonymous","TH","1","1","50","1","1","1","","","","","","","","","","","","","","","","","","","","","","","","","","","","","","","","","ไทย","ไทย","ไทย","43","","50-59","","","","","",""
"140","2022-09-30 15:22:17","2022-09-30 15:30:54","0","100","517","1","2022-09-30 15:30:55","anonymous","TH","1","1","51","0","1","1","10","10","1","1|2|3|4|5","43","28","0","0","29","1|2|3|4|5","1","1|2|3|4|5","70","30","0","0","0","1|2|3|4|5","7","20","80","1|2","3","0","100","1|2","4","6","2","2","5","1","ไทย","ไทย","ไทย","517","Complete","50-59","1","0","Intervention","Pass","FL_76","Intervention"
"141","2022-09-30 15:28:15","2022-09-30 15:30:59","0","100","164","1","2022-09-30 15:31:00","anonymous","TH","1","1","30","1","1","1","10","10","1","4|3|2|1|5","0","49","51","0","0","4|3|2|1|5","2","4|3|2|1|5","0","47","53","0","0","4|3|2|1|5","7","51","49","2|1","3","51","49","2|1","3","7","2","5","5","1","ไทย","ไทย","ไทย","164","Speeder","30-39","0","0","Intervention","Pass","FL_88","Intervention"
"142","2022-09-30 15:26:45","2022-09-30 15:31:07","0","100","262","1","2022-09-30 15:31:08","anonymous","TH","0.8999999761581421","1","53","1","1","1","","","","","","","","","","","","","","","","","","","","","","","","","","","","","","","","","ไทย","ไทย","ไทย","262","","50-59","","","","","",""
"143","2022-09-30 15:23:26","2022-09-30 15:31:09","0","100","462","1","2022-09-30 15:31:10","anonymous","TH","1","1","50","1","1","1","9","7","2","1|2|3|4|5","25","20","11","9","35","1|2|3|4|5","2","1|2|3|4|5","30","35","15","10","10","1|2|3|4|5","6","30","70","1|2","4","","","","","","","","","","ไทย","ไทย","ไทย","462","","50-59","1","1","Control","","FL_63","Control"
"144","2022-09-30 15:27:58","2022-09-30 15:31:15","0","100","196","1","2022-09-30 15:31:15","anonymous","TH","0.8999999761581421","1","42","1","1","1","10","10","2","4|3|2|1|5","41","24","24","0","11","4|3|2|1|5","2","4|3|2|1|5","32","20","12","11","25","4|3|2|1|5","6","57","43","2|1","3","56","44","2|1","3","4","2","4","6","1","ไทย","ไทย","ไทย","196","Complete","40-49","1","0","Intervention","Pass","FL_76","Intervention"
"145","2022-09-30 15:26:49","2022-09-30 15:31:15","0","100","266","1","2022-09-30 15:31:16","anonymous","TH","1","1","58","1","1","1","10","10","2","4|3|2|1|5","11","37","27","11","14","4|3|2|1|5","2","4|3|2|1|5","","","","","","","","","","","","","","","","","","","","","ไทย","ไทย","ไทย","266","","50-59","","","","","FL_63",""
"146","2022-09-30 15:24:34","2022-09-30 15:31:25","0","100","410","1","2022-09-30 15:31:25","anonymous","TH","0.8999999761581421","1","52","1","1","1","10","10","2","1|2|3|4|5","50","19","15","9","7","1|2|3|4|5","1","1|2|3|4|5","","","","","","","","","","","","","","","","","","","","","ไทย","ไทย","ไทย","410","","50-59","","","","","FL_63",""
"147","2022-09-30 15:27:51","2022-09-30 15:31:30","0","100","218","1","2022-09-30 15:31:30","anonymous","TH","1","1","28","1","1","1","10","10","1","1|2|3|4|5","100","0","0","0","0","1|2|3|4|5","1","1|2|3|4|5","100","0","0","0","0","1|2|3|4|5","7","100","0","1|2","4","0","100","1|2","4","5","2","6","5","1","ไทย","ไทย","ไทย","218","Complete","18-29","0","0","Intervention","Pass","FL_88","Intervention"
"148","2022-09-30 15:31:04","2022-09-30 15:31:33","0","100","28","1","2022-09-30 15:31:33","anonymous","TH","1","1","56","1","1","1","","","","","","","","","","","","","","","","","","","","","","","","","","","","","","","","","ไทย","ไทย","ไทย","28","","50-59","","","","","",""
"149","2022-09-30 15:21:42","2022-09-30 15:31:53","0","100","610","1","2022-09-30 15:31:53","anonymous","TH","1","1","35","0","1","1","10","10","1","4|3|2|1|5","10","90","0","0","0","4|3|2|1|5","2","4|3|2|1|5","10","90","0","0","0","4|3|2|1|5","7","20","80","2|1","3","20","80","2|1","3","6","2","3","5","2","ไทย","ไทย","ไทย","610","Complete","30-39","1","1","Control","Pass","FL_63","Control"
"150","2022-09-30 15:26:51","2022-09-30 15:32:04","0","100","313","1","2022-09-30 15:32:05","anonymous","TH","1","1","50","0","1","1","10","10","1","4|3|2|1|5","43","21","5","4","27","4|3|2|1|5","2","4|3|2|1|5","11","13","20","12","44","4|3|2|1|5","7","74","26","2|1","4","34","66","2|1","4","6","2","5","5","1","ไทย","ไทย","ไทย","313","Complete","50-59","0","0","Intervention","Pass","FL_88","Intervention"
"151","2022-09-30 15:26:56","2022-09-30 15:32:20","0","100","324","1","2022-09-30 15:32:21","anonymous","TH","1","1","36","1","1","1","10","9","1","4|3|2|1|5","48","21","19","9","3","4|3|2|1|5","2","4|3|2|1|5","36","22","20","13","9","4|3|2|1|5","3","35","65","2|1","2","45","55","2|1","3","2","2","3","7","2","ไทย","ไทย","ไทย","324","Complete","30-39","0","1","Intervention","Pass","FL_64","Intervention"
"152","2022-09-30 15:30:02","2022-09-30 15:32:44","0","100","162","1","2022-09-30 15:32:45","anonymous","TH","0.8999999761581421","1","40","1","1","1","3","6","2","1|2|3|4|5","39","57","4","0","0","1|2|3|4|5","1","1|2|3|4|5","44","3","15","38","0","1|2|3|4|5","5","10","90","1|2","2","37","63","1|2","2","2","2","5","5","1","ไทย","ไทย","ไทย","162","Speeder","40-49","1","1","Intervention","Pass","FL_63","Intervention"
"153","2022-09-30 15:25:12","2022-09-30 15:33:03","0","100","470","1","2022-09-30 15:33:03","anonymous","TH","1","1","50","1","1","1","10","10","","","","","","","","","","","","","","","","","","","","","","","","","","","","","","","ไทย","ไทย","ไทย","470","","50-59","","","","","FL_76",""
"154","2022-09-30 15:20:37","2022-09-30 15:33:05","0","100","747","1","2022-09-30 15:33:06","anonymous","TH","1","1","45","0","1","1","10","10","1","1|2|3|4|5","20","10","10","10","50","1|2|3|4|5","1","1|2|3|4|5","50","20","10","10","10","1|2|3|4|5","6","40","60","1|2","3","50","50","1|2","3","5","2","3","5","2","ไทย","ไทย","ไทย","747","Complete","40-49","1","0","Control","Pass","FL_76","Control"
"155","2022-09-30 15:29:00","2022-09-30 15:33:18","0","100","258","1","2022-09-30 15:33:18","anonymous","TH","1","1","25","1","1","1","10","10","2","1|2|3|4|5","21","31","23","25","0","1|2|3|4|5","2","1|2|3|4|5","23","26","31","17","3","1|2|3|4|5","7","49","51","1|2","3","45","55","1|2","3","5","2","3","1","2","ไทย","ไทย","ไทย","258","Complete","18-29","0","1","Control","Pass","FL_64","Control"
"156","2022-09-30 15:27:42","2022-09-30 15:34:15","0","100","393","1","2022-09-30 15:34:15","anonymous","TH","0.8999999761581421","1","47","0","1","1","10","10","2","4|3|2|1|5","43","38","7","12","0","4|3|2|1|5","2","4|3|2|1|5","13","58","16","5","8","4|3|2|1|5","4","91","9","2|1","3","25","75","2|1","2","6","2","4","5","1","ไทย","ไทย","ไทย","393","Complete","40-49","1","0","Control","Pass","FL_76","Control"
"157","2022-09-30 15:20:05","2022-09-30 15:34:18","0","100","853","1","2022-09-30 15:34:18","anonymous","TH","1","1","43","0","1","1","10","8","1","4|3|2|1|5","53","40","7","0","0","4|3|2|1|5","2","4|3|2|1|5","31","46","12","10","1","4|3|2|1|5","6","49","51","2|1","4","20","80","2|1","4","5","2","3","1","2","ไทย","ไทย","ไทย","853","Complete","40-49","0","1","Intervention","Pass","FL_64","Intervention"
"158","2022-09-30 15:18:50","2022-09-30 15:34:47","0","100","956","1","2022-09-30 15:34:47","anonymous","TH","1","1","51","0","1","1","10","10","1","4|3|2|1|5","50","50","0","0","0","4|3|2|1|5","1","4|3|2|1|5","60","40","0","0","0","4|3|2|1|5","7","30","70","2|1","4","37","63","2|1","3","7","2","5","5","1","ไทย","ไทย","ไทย","956","Complete","50-59","1","1","Control","Pass","FL_63","Control"
"159","2022-09-30 15:25:30","2022-09-30 15:34:56","0","100","565","1","2022-09-30 15:34:57","anonymous","TH","1","1","42","1","1","1","10","10","1","1|2|3|4|5","40","40","5","5","10","1|2|3|4|5","1","1|2|3|4|5","35","40","10","5","10","1|2|3|4|5","6","40","60","1|2","3","30","70","1|2","3","6","2","5","6","1","ไทย","ไทย","ไทย","565","Complete","40-49","0","0","Control","Pass","FL_88","Control"
"160","2022-09-30 15:19:36","2022-09-30 15:34:57","0","100","920","1","2022-09-30 15:34:57","anonymous","TH","1","1","46","0","1","1","4","10","2","1|2|3|4|5","43","30","9","0","18","1|2|3|4|5","2","1|2|3|4|5","32","8","19","8","33","1|2|3|4|5","7","39","61","1|2","4","31","69","1|2","4","5","2","5","5","1","ไทย","ไทย","ไทย","920","Complete","40-49","0","0","Control","Pass","FL_88","Control"
"161","2022-09-30 15:21:35","2022-09-30 15:34:59","0","100","804","1","2022-09-30 15:35:00","anonymous","TH","1","1","40","0","1","1","10","10","2","4|3|2|1|5","20","75","0","5","0","4|3|2|1|5","4","4|3|2|1|5","0","0","0","0","100","4|3|2|1|5","7","30","70","2|1","3","24","76","2|1","4","6","2","4","5","2","ไทย","ไทย","ไทย","804","Complete","40-49","0","1","Intervention","Pass","FL_64","Intervention"
"162","2022-09-30 15:34:55","2022-09-30 15:35:35","0","100","39","1","2022-09-30 15:35:35","anonymous","TH","1","1","50","1","1","1","","","","","","","","","","","","","","","","","","","","","","","","","","","","","","","","","ไทย","ไทย","ไทย","39","","50-59","","","","","",""
"163","2022-09-30 15:29:36","2022-09-30 15:35:49","0","100","372","1","2022-09-30 15:35:49","anonymous","TH","1","1","41","1","1","1","9","9","1","1|2|3|4|5","0","0","26","31","43","1|2|3|4|5","2","1|2|3|4|5","15","13","20","12","40","1|2|3|4|5","5","55","45","1|2","3","21","79","1|2","3","6","2","5","5","1","ไทย","ไทย","ไทย","372","Complete","40-49","0","0","Intervention","Pass","FL_88","Intervention"
"164","2022-09-30 15:36:05","2022-09-30 15:36:33","0","100","27","1","2022-09-30 15:36:33","anonymous","TH","1","1","56","1","1","1","","","","","","","","","","","","","","","","","","","","","","","","","","","","","","","","","ไทย","ไทย","ไทย","27","","50-59","","","","","",""
"165","2022-09-30 15:32:40","2022-09-30 15:37:07","0","100","266","1","2022-09-30 15:37:07","anonymous","TH","1","1","34","1","1","1","3","3","1","1|2|3|4|5","37","42","21","0","0","1|2|3|4|5","1","1|2|3|4|5","24","27","27","22","0","1|2|3|4|5","5","27","73","1|2","3","0","100","1|2","3","5","2","5","5","1","ไทย","ไทย","ไทย","266","Complete","30-39","1","1","Intervention","Pass","FL_63","Intervention"
"166","2022-09-30 15:32:04","2022-09-30 15:37:10","0","100","305","1","2022-09-30 15:37:10","anonymous","TH","1","1","42","1","1","1","10","10","2","1|2|3|4|5","20","20","20","0","40","1|2|3|4|5","2","1|2|3|4|5","20","20","20","20","20","1|2|3|4|5","7","70","30","1|2","4","0","100","1|2","4","7","2","5","5","1","ไทย","ไทย","ไทย","305","Complete","40-49","0","0","Control","Pass","FL_88","Control"
"167","2022-09-30 15:04:57","2022-09-30 15:37:46","0","100","1968","1","2022-09-30 15:37:46","anonymous","TH","1","1","63","0","1","1","10","10","2","4|3|2|1|5","25","25","20","10","20","4|3|2|1|5","3","4|3|2|1|5","20","20","25","10","25","4|3|2|1|5","4","40","60","2|1","3","61","39","2|1","3","5","2","3","4","1","ไทย","ไทย","ไทย","1968","Complete","60+","1","0","Intervention","Pass","FL_76","Intervention"
"168","2022-09-30 15:27:50","2022-09-30 15:38:00","0","100","610","1","2022-09-30 15:38:01","anonymous","TH","1","1","61","1","1","1","10","10","1","4|3|2|1|5","100","0","0","0","0","4|3|2|1|5","1","4|3|2|1|5","100","0","0","0","0","4|3|2|1|5","7","50","50","2|1","4","20","80","2|1","4","5","2","3","0","1","ไทย","ไทย","ไทย","610","Complete","60+","1","1","Control","Pass","FL_63","Control"
"169","2022-09-30 15:38:04","2022-09-30 15:38:35","0","100","31","1","2022-09-30 15:38:36","anonymous","TH","1","1","57","1","1","1","","","","","","","","","","","","","","","","","","","","","","","","","","","","","","","","","ไทย","ไทย","ไทย","31","","50-59","","","","","",""
"170","2022-09-30 15:31:44","2022-09-30 15:39:13","0","100","449","1","2022-09-30 15:39:13","anonymous","TH","1","1","56","0","1","1","10","10","2","4|3|2|1|5","50","20","10","10","10","4|3|2|1|5","2","4|3|2|1|5","20","40","20","10","10","4|3|2|1|5","7","20","80","2|1","4","20","80","2|1","3","5","2","5","5","1","ไทย","ไทย","ไทย","449","Complete","50-59","0","1","Intervention","Pass","FL_64","Intervention"
"171","2022-09-30 15:38:59","2022-09-30 15:40:07","0","100","67","1","2022-09-30 15:40:07","anonymous","TH","1","1","51","1","1","1","","","","","","","","","","","","","","","","","","","","","","","","","","","","","","","","","ไทย","ไทย","ไทย","67","","50-59","","","","","",""
"172","2022-09-30 15:39:54","2022-09-30 15:40:25","0","100","30","1","2022-09-30 15:40:25","anonymous","TH","1","1","56","1","1","1","","","","","","","","","","","","","","","","","","","","","","","","","","","","","","","","","ไทย","ไทย","ไทย","30","","50-59","","","","","",""
"173","2022-09-30 15:27:19","2022-09-30 15:40:37","0","100","798","1","2022-09-30 15:40:37","anonymous","TH","0.8999999761581421","1","36","0","1","1","10","10","1","1|2|3|4|5","75","17","8","0","0","1|2|3|4|5","3","1|2|3|4|5","24","21","17","5","33","1|2|3|4|5","4","48","52","1|2","3","0","100","1|2","4","5","2","5","5","2","ไทย","ไทย","ไทย","798","Complete","30-39","0","1","Control","Pass","FL_64","Control"
"174","2022-09-30 15:36:02","2022-09-30 15:41:02","0","100","299","1","2022-09-30 15:41:02","anonymous","TH","0.8999999761581421","1","43","1","1","1","10","9","1","4|3|2|1|5","17","26","12","29","16","4|3|2|1|5","2","4|3|2|1|5","26","13","26","22","13","4|3|2|1|5","6","39","61","2|1","3","53","47","2|1","4","6","2","5","7","1","ไทย","ไทย","ไทย","299","Complete","40-49","1","0","Control","Pass","FL_76","Control"
"175","2022-09-30 15:34:35","2022-09-30 15:41:03","0","100","387","1","2022-09-30 15:41:03","anonymous","TH","0.8999999761581421","1","42","0","1","1","7","7","2","1|2|3|4|5","35","65","0","0","0","1|2|3|4|5","2","1|2|3|4|5","42","54","4","0","0","1|2|3|4|5","5","90","10","1|2","3","50","50","1|2","2","2","2","5","5","1","ไทย","ไทย","ไทย","387","Complete","40-49","0","1","Control","Pass","FL_64","Control"
"176","2022-09-30 15:20:26","2022-09-30 15:41:39","0","100","1272","1","2022-09-30 15:41:39","anonymous","TH","0.8999999761581421","1","72","1","1","1","10","10","1","1|2|3|4|5","60","30","5","0","5","1|2|3|4|5","1","1|2|3|4|5","0","30","70","0","0","1|2|3|4|5","5","70","30","1|2","3","50","50","1|2","4","6","2","5","6","2","ไทย","ไทย","ไทย","1272","Complete","60+","0","0","Intervention","Pass","FL_88","Intervention"
"177","2022-09-30 15:36:36","2022-09-30 15:41:46","0","100","309","1","2022-09-30 15:41:47","anonymous","TH","1","1","31","0","1","1","10","10","1","4|3|2|1|5","21","67","11","0","1","4|3|2|1|5","1","4|3|2|1|5","32","22","2","12","32","4|3|2|1|5","7","14","86","2|1","4","0","100","2|1","4","7","2","5","5","1","ไทย","ไทย","ไทย","309","Complete","30-39","0","0","Intervention","Pass","FL_88","Intervention"
"178","2022-09-30 15:28:57","2022-09-30 15:42:31","0","100","814","1","2022-09-30 15:42:31","anonymous","TH","1","1","45","0","1","1","10","10","2","1|2|3|4|5","99","1","0","0","0","1|2|3|4|5","2","1|2|3|4|5","10","49","0","0","41","1|2|3|4|5","5","30","70","1|2","3","50","50","1|2","2","6","2","4","5","1","ไทย","ไทย","ไทย","814","Complete","40-49","1","0","Intervention","Pass","FL_76","Intervention"
"179","2022-09-30 15:36:55","2022-09-30 15:42:31","0","100","336","1","2022-09-30 15:42:32","anonymous","TH","1","1","40","1","1","1","10","10","1","4|3|2|1|5","12","2","25","7","54","4|3|2|1|5","1","4|3|2|1|5","10","36","31","13","10","4|3|2|1|5","5","32","68","2|1","3","14","86","2|1","3","7","2","3","5","1","ไทย","ไทย","ไทย","336","Complete","40-49","1","1","Intervention","Pass","FL_63","Intervention"
"180","2022-09-30 15:38:37","2022-09-30 15:43:16","0","100","279","1","2022-09-30 15:43:17","anonymous","TH","1","1","30","1","1","1","10","9","2","1|2|3|4|5","81","19","0","0","0","1|2|3|4|5","1","1|2|3|4|5","60","20","8","8","4","1|2|3|4|5","5","70","30","1|2","2","83","17","1|2","3","7","2","5","9","1","ไทย","ไทย","ไทย","279","Complete","30-39","0","1","Intervention","Pass","FL_64","Intervention"
"181","2022-09-30 15:40:52","2022-09-30 15:43:22","0","100","149","1","2022-09-30 15:43:23","anonymous","TH","1","1","22","0","1","1","10","10","1","1|2|3|4|5","17","32","21","10","20","1|2|3|4|5","3","1|2|3|4|5","10","15","38","8","29","1|2|3|4|5","5","56","44","1|2","2","55","45","1|2","4","4","2","5","6","2","ไทย","ไทย","ไทย","149","Speeder","18-29","1","1","Intervention","Pass","FL_63","Intervention"
"182","2022-09-30 15:09:41","2022-09-30 15:43:24","0","100","2023","1","2022-09-30 15:43:25","anonymous","TH","1","1","39","1","1","1","10","10","2","1|2|3|4|5","25","66","9","0","0","1|2|3|4|5","2","1|2|3|4|5","30","60","10","0","0","1|2|3|4|5","7","30","70","1|2","4","20","80","1|2","4","6","2","5","1","1","ไทย","ไทย","ไทย","2023","Complete","30-39","1","1","Control","Pass","FL_63","Control"
"183","2022-09-30 15:37:43","2022-09-30 15:43:51","0","100","368","1","2022-09-30 15:43:51","anonymous","TH","1","1","45","1","1","1","10","10","1","4|3|2|1|5","26","45","10","9","10","4|3|2|1|5","1","4|3|2|1|5","25","30","10","10","25","4|3|2|1|5","7","30","70","2|1","3","30","70","2|1","4","7","2","5","8","1","ไทย","ไทย","ไทย","368","Complete","40-49","1","0","Control","Pass","FL_76","Control"
"184","2022-09-30 15:43:04","2022-09-30 15:43:58","0","100","54","1","2022-09-30 15:43:59","anonymous","TH","1","1","52","1","1","1","","","","","","","","","","","","","","","","","","","","","","","","","","","","","","","","","ไทย","ไทย","ไทย","54","","50-59","","","","","",""
"185","2022-09-30 15:39:35","2022-09-30 15:45:18","0","100","342","1","2022-09-30 15:45:19","anonymous","TH","1","1","30","1","1","1","10","10","1","4|3|2|1|5","10","20","10","50","10","4|3|2|1|5","1","4|3|2|1|5","10","20","10","50","10","4|3|2|1|5","7","10","90","2|1","4","0","100","2|1","4","7","2","3","5","1","ไทย","ไทย","ไทย","342","Complete","30-39","1","0","Intervention","Pass","FL_76","Intervention"
"186","2022-09-30 15:31:55","2022-09-30 15:45:20","0","100","804","1","2022-09-30 15:45:20","anonymous","TH","1","1","40","1","1","1","10","9","2","4|3|2|1|5","10","15","51","5","19","4|3|2|1|5","1","4|3|2|1|5","20","40","30","0","10","4|3|2|1|5","7","60","40","2|1","4","20","80","2|1","3","5","2","4","4","1","ไทย","ไทย","ไทย","804","Complete","40-49","1","0","Control","Pass","FL_76","Control"
"187","2022-09-30 15:42:08","2022-09-30 15:45:45","0","100","216","1","2022-09-30 15:45:47","anonymous","TH","1","1","62","0","1","1","10","10","1","4|3|2|1|5","0","26","38","36","0","4|3|2|1|5","1","4|3|2|1|5","0","0","54","46","0","4|3|2|1|5","7","43","57","2|1","2","42","58","2|1","2","7","2","2","7","2","ไทย","ไทย","ไทย","216","Complete","60+","0","1","Control","Pass","FL_64","Control"
"188","2022-09-30 15:40:27","2022-09-30 15:47:10","0","100","402","1","2022-09-30 15:47:11","anonymous","TH","1","1","45","1","1","1","10","10","3","4|3|2|1|5","10","20","30","30","10","4|3|2|1|5","2","4|3|2|1|5","20","20","20","20","20","4|3|2|1|5","7","40","60","2|1","3","60","40","2|1","3","7","2","5","10","1","ไทย","ไทย","ไทย","402","Complete","40-49","1","0","Control","Pass","FL_76","Control"
"189","2022-09-30 15:37:55","2022-09-30 15:47:16","0","100","561","1","2022-09-30 15:47:17","anonymous","TH","1","1","47","1","1","1","9","8","2","1|2|3|4|5","33","32","15","5","15","1|2|3|4|5","2","1|2|3|4|5","36","35","8","8","13","1|2|3|4|5","5","33","67","1|2","3","33","67","1|2","3","5","2","5","5","1","ไทย","ไทย","ไทย","561","Complete","40-49","1","1","Intervention","Pass","FL_63","Intervention"
"190","2022-09-30 15:39:19","2022-09-30 15:48:08","0","100","529","1","2022-09-30 15:48:09","anonymous","TH","0.8999999761581421","1","50","0","1","1","10","5","1","4|3|2|1|5","60","40","0","0","0","4|3|2|1|5","5","4|3|2|1|5","100","0","0","0","0","4|3|2|1|5","4","40","60","2|1","2","70","30","2|1","1","99","2","6","5","1","ไทย","ไทย","ไทย","529","Complete","50-59","1","1","Intervention","Pass","FL_63","Intervention"
"191","2022-09-30 15:37:03","2022-09-30 15:48:11","0","100","668","1","2022-09-30 15:48:12","anonymous","TH","1","1","62","0","1","1","10","10","1","4|3|2|1|5","20","0","0","80","0","4|3|2|1|5","2","4|3|2|1|5","0","60","0","0","40","4|3|2|1|5","2","59","41","2|1","3","34","66","2|1","3","5","2","3","8","1","ไทย","ไทย","ไทย","668","Complete","60+","0","0","Intervention","Pass","FL_88","Intervention"
"192","2022-09-30 15:35:03","2022-09-30 15:49:00","0","100","836","1","2022-09-30 15:49:00","anonymous","TH","1","1","47","1","1","1","10","10","1","4|3|2|1|5","30","60","0","0","10","4|3|2|1|5","1","4|3|2|1|5","60","40","0","0","0","4|3|2|1|5","5","20","80","2|1","4","35","65","2|1","3","6","2","3","5","2","ไทย","ไทย","ไทย","836","Complete","40-49","1","0","Control","Pass","FL_76","Control"
"193","2022-09-30 15:29:30","2022-09-30 15:49:44","0","100","1213","1","2022-09-30 15:49:45","anonymous","TH","0.800000011920929","1","64","1","1","1","10","5","1","1|2|3|4|5","30","10","10","10","40","1|2|3|4|5","1","1|2|3|4|5","20","20","10","10","40","1|2|3|4|5","4","70","30","1|2","3","70","30","1|2","4","4","2","2","5","2","ไทย","ไทย","ไทย","1213","Complete","60+","0","0","Control","Pass","FL_88","Control"
"194","2022-09-30 15:39:11","2022-09-30 15:50:06","0","100","655","1","2022-09-30 15:50:07","anonymous","TH","1","1","54","0","1","1","10","10","2","4|3|2|1|5","15","30","25","20","10","4|3|2|1|5","3","4|3|2|1|5","25","0","25","20","30","4|3|2|1|5","6","40","60","2|1","4","30","70","2|1","3","6","2","5","10","1","ไทย","ไทย","ไทย","655","Complete","50-59","0","0","Control","Pass","FL_88","Control"
"195","2022-09-30 15:22:04","2022-09-30 15:50:44","0","100","1720","1","2022-09-30 15:50:45","anonymous","TH","1","1","38","1","1","1","10","10","1","4|3|2|1|5","31","13","12","12","32","4|3|2|1|5","5","4|3|2|1|5","0","0","0","0","100","4|3|2|1|5","4","47","53","2|1","3","42","58","2|1","3","4","2","3","5","1","ไทย","ไทย","ไทย","1720","Complete","30-39","1","0","Control","Pass","FL_76","Control"
"196","2022-09-30 15:50:28","2022-09-30 15:50:48","0","100","20","1","2022-09-30 15:50:49","anonymous","TH","1","1","32","1","0","1","","","","","","","","","","","","","","","","","","","","","","","","","","","","","","","","","ไทย","ไทย","ไทย","20","Screenout","30-39","","","","","",""
"197","2022-09-30 15:43:41","2022-09-30 15:51:14","0","100","453","1","2022-09-30 15:51:14","anonymous","TH","1","1","62","0","1","1","9","10","1","1|2|3|4|5","30","30","20","5","15","1|2|3|4|5","2","1|2|3|4|5","10","20","20","20","30","1|2|3|4|5","6","30","70","1|2","3","40","60","1|2","3","6","2","5","7","1","ไทย","ไทย","ไทย","453","Complete","60+","1","1","Control","Pass","FL_63","Control"
"198","2022-09-30 15:38:14","2022-09-30 15:51:38","0","100","803","1","2022-09-30 15:51:38","anonymous","TH","1","1","51","0","1","1","10","10","1","1|2|3|4|5","30","60","0","0","10","1|2|3|4|5","1","1|2|3|4|5","30","40","5","5","20","1|2|3|4|5","4","60","40","1|2","4","60","40","1|2","4","3","2","5","5","1","ไทย","ไทย","ไทย","803","Complete","50-59","0","1","Control","Pass","FL_64","Control"
"199","2022-09-30 15:46:13","2022-09-30 15:51:57","0","100","344","1","2022-09-30 15:51:58","anonymous","TH","1","1","37","0","1","1","10","10","2","4|3|2|1|5","100","0","0","0","0","4|3|2|1|5","1","4|3|2|1|5","100","0","0","0","0","4|3|2|1|5","7","50","50","2|1","3","0","100","2|1","4","7","2","4","3","2","ไทย","ไทย","ไทย","344","Complete","30-39","1","1","Control","Pass","FL_63","Control"
"200","2022-09-30 15:43:02","2022-09-30 15:52:18","0","100","556","1","2022-09-30 15:52:19","anonymous","TH","1","1","44","0","1","1","10","10","2","4|3|2|1|5","80","0","0","0","20","4|3|2|1|5","2","4|3|2|1|5","27","35","18","0","20","4|3|2|1|5","7","28","72","2|1","4","26","74","2|1","4","5","2","5","6","2","ไทย","ไทย","ไทย","556","Complete","40-49","1","0","Intervention","Pass","FL_76","Intervention"
"201","2022-09-30 15:42:26","2022-09-30 15:52:19","0","100","593","1","2022-09-30 15:52:20","anonymous","TH","0.8999999761581421","1","57","0","1","1","10","9","1","1|2|3|4|5","100","0","0","0","0","1|2|3|4|5","1","1|2|3|4|5","100","0","0","0","0","1|2|3|4|5","5","50","50","1|2","3","0","100","1|2","3","5","2","5","7","1","ไทย","ไทย","ไทย","593","Complete","50-59","0","1","Intervention","Pass","FL_64","Intervention"
"202","2022-09-30 15:47:24","2022-09-30 15:53:44","0","100","379","1","2022-09-30 15:53:44","anonymous","TH","1","1","64","1","1","1","10","10","2","4|3|2|1|5","50","50","0","0","0","4|3|2|1|5","1","4|3|2|1|5","54","46","0","0","0","4|3|2|1|5","7","39","61","2|1","3","62","38","2|1","3","5","2","5","5","1","ไทย","ไทย","ไทย","379","Complete","60+","0","1","Intervention","Pass","FL_64","Intervention"
"203","2022-09-30 15:50:01","2022-09-30 15:54:14","0","100","253","1","2022-09-30 15:54:14","anonymous","TH","1","1","45","0","1","1","9","9","4","1|2|3|4|5","22","22","20","12","24","1|2|3|4|5","1","1|2|3|4|5","38","14","12","17","19","1|2|3|4|5","6","51","49","1|2","3","51","49","1|2","3","6","2","5","7","1","ไทย","ไทย","ไทย","253","Complete","40-49","0","0","Intervention","Pass","FL_88","Intervention"
"204","2022-09-30 15:51:15","2022-09-30 15:54:26","0","100","190","1","2022-09-30 15:54:26","anonymous","TH","1","1","34","1","1","1","9","8","3","1|2|3|4|5","29","32","23","16","0","1|2|3|4|5","3","1|2|3|4|5","24","23","18","20","15","1|2|3|4|5","6","35","65","1|2","3","42","58","1|2","3","5","2","5","8","1","ไทย","ไทย","ไทย","190","Complete","30-39","1","1","Control","Pass","FL_63","Control"
"205","2022-09-30 15:49:54","2022-09-30 15:54:33","0","100","278","1","2022-09-30 15:54:33","anonymous","TH","1","1","25","1","1","1","10","7","1","1|2|3|4|5","37","20","18","0","25","1|2|3|4|5","1","1|2|3|4|5","30","20","11","12","27","1|2|3|4|5","5","38","62","1|2","4","40","60","1|2","2","6","2","5","5","1","ไทย","ไทย","ไทย","278","Complete","18-29","0","0","Intervention","Pass","FL_88","Intervention"
"206","2022-09-30 15:38:32","2022-09-30 15:54:40","0","100","967","1","2022-09-30 15:54:40","anonymous","TH","1","1","31","0","1","1","10","10","2","1|2|3|4|5","30","30","0","0","40","1|2|3|4|5","2","1|2|3|4|5","29","27","11","12","21","1|2|3|4|5","5","50","50","1|2","3","20","80","1|2","3","5","2","5","5","1","ไทย","ไทย","ไทย","967","Complete","30-39","0","0","Intervention","Pass","FL_88","Intervention"
"207","2022-09-30 15:43:45","2022-09-30 15:54:45","0","100","659","1","2022-09-30 15:54:45","anonymous","TH","1","1","39","0","1","1","10","10","2","1|2|3|4|5","20","20","20","20","20","1|2|3|4|5","2","1|2|3|4|5","5","5","50","15","25","1|2|3|4|5","7","10","90","1|2","4","10","90","1|2","4","7","2","3","0","2","ไทย","ไทย","ไทย","659","Complete","30-39","1","0","Intervention","Pass","FL_76","Intervention"
"208","2022-09-30 15:48:37","2022-09-30 15:55:22","0","100","404","1","2022-09-30 15:55:22","anonymous","TH","1","1","70","1","1","1","10","10","1","4|3|2|1|5","90","0","0","0","10","4|3|2|1|5","1","4|3|2|1|5","100","0","0","0","0","4|3|2|1|5","7","10","90","2|1","4","10","90","2|1","4","7","2","4","5","1","ไทย","ไทย","ไทย","404","Complete","60+","1","0","Control","Pass","FL_76","Control"
"209","2022-09-30 15:42:22","2022-09-30 15:55:31","0","100","789","1","2022-09-30 15:55:32","anonymous","TH","1","1","41","0","1","1","10","10","1","1|2|3|4|5","49","26","20","1","4","1|2|3|4|5","4","1|2|3|4|5","31","22","15","19","13","1|2|3|4|5","7","40","60","1|2","3","20","80","1|2","4","5","2","5","8","2","ไทย","ไทย","ไทย","789","Complete","40-49","0","0","Intervention","Pass","FL_88","Intervention"
"210","2022-09-30 15:47:15","2022-09-30 15:55:38","0","100","503","1","2022-09-30 15:55:39","anonymous","TH","1","1","55","0","1","1","10","10","4","4|3|2|1|5","20","25","20","15","20","4|3|2|1|5","2","4|3|2|1|5","10","20","40","20","10","4|3|2|1|5","7","20","80","2|1","4","25","75","2|1","3","7","2","4","5","2","ไทย","ไทย","ไทย","503","Complete","50-59","0","0","Control","Pass","FL_88","Control"
"211","2022-09-30 15:50:34","2022-09-30 15:56:41","0","100","367","1","2022-09-30 15:56:41","anonymous","TH","0.800000011920929","1","47","0","1","1","10","10","1","1|2|3|4|5","14","17","17","19","33","1|2|3|4|5","2","1|2|3|4|5","18","12","23","26","21","1|2|3|4|5","7","46","54","1|2","3","31","69","1|2","3","6","2","5","5","1","ไทย","ไทย","ไทย","367","Complete","40-49","0","1","Intervention","Pass","FL_64","Intervention"
"212","2022-09-30 15:50:48","2022-09-30 15:56:44","0","100","356","1","2022-09-30 15:56:44","anonymous","TH","1","1","47","1","1","1","10","10","2","4|3|2|1|5","0","0","80","0","20","4|3|2|1|5","2","4|3|2|1|5","0","70","0","0","30","4|3|2|1|5","7","40","60","2|1","3","20","80","2|1","3","7","2","5","4","1","ไทย","ไทย","ไทย","356","Complete","40-49","1","0","Control","Pass","FL_76","Control"
"213","2022-09-30 15:51:49","2022-09-30 15:57:08","0","100","319","1","2022-09-30 15:57:09","anonymous","TH","0.8999999761581421","1","22","1","1","1","4","4","4","4|3|2|1|5","10","40","30","20","0","4|3|2|1|5","2","4|3|2|1|5","22","22","22","22","12","4|3|2|1|5","7","50","50","2|1","3","50","50","2|1","4","4","1","","","","ไทย","ไทย","ไทย","319","QualityFail","18-29","0","0","Intervention","Fail","FL_88","Intervention"
"214","2022-09-30 15:52:05","2022-09-30 15:57:39","0","100","333","1","2022-09-30 15:57:39","anonymous","TH","1","1","55","1","1","1","","","","","","","","","","","","","","","","","","","","","","","","","","","","","","","","","ไทย","ไทย","ไทย","333","","50-59","","","","","",""
"215","2022-09-30 15:51:33","2022-09-30 15:57:57","0","100","383","1","2022-09-30 15:57:57","anonymous","TH","1","1","22","0","1","1","10","7","2","4|3|2|1|5","19","64","0","11","6","4|3|2|1|5","1","4|3|2|1|5","44","52","0","0","4","4|3|2|1|5","7","75","25","2|1","3","20","80","2|1","4","5","2","5","5","2","ไทย","ไทย","ไทย","383","Complete","18-29","1","0","Intervention","Pass","FL_76","Intervention"
"216","2022-09-30 15:49:42","2022-09-30 15:58:06","0","100","504","1","2022-09-30 15:58:06","anonymous","TH","1","1","51","0","1","1","10","10","1","1|2|3|4|5","100","0","0","0","0","1|2|3|4|5","5","1|2|3|4|5","51","49","0","0","0","1|2|3|4|5","4","48","52","1|2","3","56","44","1|2","2","99","2","2","5","1","ไทย","ไทย","ไทย","504","Complete","50-59","0","1","Control","Pass","FL_64","Control"
"217","2022-09-30 15:53:24","2022-09-30 15:59:37","0","100","372","1","2022-09-30 15:59:37","anonymous","TH","1","1","34","0","1","1","10","10","1","1|2|3|4|5","25","27","16","13","19","1|2|3|4|5","5","1|2|3|4|5","26","20","16","18","20","1|2|3|4|5","7","44","56","1|2","3","31","69","1|2","3","6","2","5","8","1","ไทย","ไทย","ไทย","372","Complete","30-39","0","1","Control","Pass","FL_64","Control"
"218","2022-09-30 15:51:27","2022-09-30 15:59:41","0","100","493","1","2022-09-30 15:59:41","anonymous","TH","1","1","30","1","1","1","9","7","2","4|3|2|1|5","28","40","7","15","10","4|3|2|1|5","2","4|3|2|1|5","13","42","20","10","15","4|3|2|1|5","4","30","70","2|1","3","47","53","2|1","2","4","2","4","5","2","ไทย","ไทย","ไทย","493","Complete","30-39","1","1","Intervention","Pass","FL_63","Intervention"
"219","2022-09-30 15:46:39","2022-09-30 16:00:21","0","100","821","1","2022-09-30 16:00:21","anonymous","TH","1","1","48","1","1","1","8","7","2","1|2|3|4|5","41","20","0","0","39","1|2|3|4|5","4","1|2|3|4|5","0","0","50","30","20","1|2|3|4|5","2","20","80","1|2","2","70","30","1|2","2","2","2","5","4","1","ไทย","ไทย","ไทย","821","Complete","40-49","0","0","Control","Pass","FL_88","Control"
"220","2022-09-30 15:58:42","2022-09-30 16:02:00","0","100","197","1","2022-09-30 16:02:00","anonymous","TH","0.8999999761581421","1","32","0","1","1","10","10","1","1|2|3|4|5","62","38","0","0","0","1|2|3|4|5","1","1|2|3|4|5","62","38","0","0","0","1|2|3|4|5","6","30","70","1|2","4","43","57","1|2","2","5","2","5","5","1","ไทย","ไทย","ไทย","197","Complete","30-39","1","1","Control","Pass","FL_63","Control"
"221","2022-09-30 15:34:23","2022-09-30 16:02:14","0","100","1671","1","2022-09-30 16:02:15","anonymous","TH","1","1","73","1","1","1","7","3","2","1|2|3|4|5","58","0","0","42","0","1|2|3|4|5","2","1|2|3|4|5","51","48","0","1","0","1|2|3|4|5","7","71","29","1|2","4","24","76","1|2","3","3","2","6","3","1","ไทย","ไทย","ไทย","1671","Complete","60+","0","1","Control","Pass","FL_64","Control"
"222","2022-09-30 15:49:29","2022-09-30 16:02:20","0","100","770","1","2022-09-30 16:02:21","anonymous","TH","1","1","61","1","1","1","10","10","1","1|2|3|4|5","100","0","0","0","0","1|2|3|4|5","1","1|2|3|4|5","100","0","0","0","0","1|2|3|4|5","7","35","65","1|2","4","0","100","1|2","4","5","2","6","5","1","ไทย","ไทย","ไทย","770","Complete","60+","1","1","Intervention","Pass","FL_63","Intervention"
"223","2022-09-30 15:55:44","2022-09-30 16:02:31","0","100","407","1","2022-09-30 16:02:32","anonymous","TH","1","1","74","1","1","1","9","9","2","4|3|2|1|5","22","19","21","20","18","4|3|2|1|5","1","4|3|2|1|5","20","21","19","21","19","4|3|2|1|5","6","40","60","2|1","3","40","60","2|1","2","6","2","4","7","1","ไทย","ไทย","ไทย","407","Complete","60+","1","1","Intervention","Pass","FL_63","Intervention"
"224","2022-09-30 15:53:06","2022-09-30 16:03:22","0","100","615","1","2022-09-30 16:03:22","anonymous","TH","0.8999999761581421","1","44","0","1","1","10","9","2","4|3|2|1|5","0","90","10","0","0","4|3|2|1|5","5","4|3|2|1|5","0","0","0","69","31","4|3|2|1|5","5","0","100","2|1","3","0","100","2|1","3","5","2","4","8","1","ไทย","ไทย","ไทย","615","Complete","40-49","0","0","Control","Pass","FL_88","Control"
"225","2022-09-30 15:55:40","2022-09-30 16:04:18","0","100","517","1","2022-09-30 16:04:19","anonymous","TH","1","1","34","1","1","1","10","10","1","1|2|3|4|5","50","30","10","10","0","1|2|3|4|5","1","1|2|3|4|5","60","20","10","5","5","1|2|3|4|5","7","30","70","1|2","3","20","80","1|2","4","99","2","3","0","1","ไทย","ไทย","ไทย","517","Complete","30-39","0","1","Intervention","Pass","FL_64","Intervention"
"226","2022-09-30 16:01:09","2022-09-30 16:05:22","0","100","252","1","2022-09-30 16:05:23","anonymous","TH","1","1","24","1","1","1","8","7","1","4|3|2|1|5","25","20","20","10","25","4|3|2|1|5","1","4|3|2|1|5","10","20","30","30","10","4|3|2|1|5","4","40","60","2|1","3","30","70","2|1","4","5","2","5","2","1","ไทย","ไทย","ไทย","252","Complete","18-29","0","1","Control","Pass","FL_64","Control"
"227","2022-09-30 16:03:03","2022-09-30 16:07:34","0","100","271","1","2022-09-30 16:07:35","anonymous","TH","1","1","52","0","1","1","10","10","2","1|2|3|4|5","19","15","14","13","39","1|2|3|4|5","2","1|2|3|4|5","19","18","18","17","28","1|2|3|4|5","6","18","82","1|2","4","32","68","1|2","4","6","2","5","0","1","ไทย","ไทย","ไทย","271","Complete","50-59","0","0","Control","Pass","FL_88","Control"
"228","2022-09-30 16:02:51","2022-09-30 16:07:46","0","100","294","1","2022-09-30 16:07:47","anonymous","TH","1","1","19","0","1","1","10","8","2","1|2|3|4|5","56","39","5","0","0","1|2|3|4|5","2","1|2|3|4|5","49","34","9","8","0","1|2|3|4|5","5","59","41","1|2","3","52","48","1|2","2","5","2","4","5","2","ไทย","ไทย","ไทย","294","Complete","18-29","1","1","Control","Pass","FL_63","Control"
"229","2022-09-30 16:03:06","2022-09-30 16:08:54","0","100","347","1","2022-09-30 16:08:54","anonymous","TH","0.8999999761581421","1","44","1","1","1","10","5","1","4|3|2|1|5","30","30","0","0","40","4|3|2|1|5","1","4|3|2|1|5","30","40","0","0","30","4|3|2|1|5","7","70","30","2|1","4","40","60","2|1","3","5","2","5","5","1","ไทย","ไทย","ไทย","347","Complete","40-49","1","0","Intervention","Pass","FL_76","Intervention"
"230","2022-09-30 16:00:08","2022-09-30 16:09:04","0","100","536","1","2022-09-30 16:09:04","anonymous","TH","1","1","37","0","1","1","10","10","2","1|2|3|4|5","0","39","61","0","0","1|2|3|4|5","2","1|2|3|4|5","30","40","30","0","0","1|2|3|4|5","7","20","80","1|2","3","30","70","1|2","3","5","2","5","7","1","ไทย","ไทย","ไทย","536","Complete","30-39","1","0","Intervention","Pass","FL_76","Intervention"
"231","2022-09-30 15:50:31","2022-09-30 16:10:32","0","100","1201","1","2022-09-30 16:10:32","anonymous","TH","0.8999999761581421","1","65","0","1","1","4","9","1","1|2|3|4|5","0","80","10","10","0","1|2|3|4|5","2","1|2|3|4|5","20","20","20","15","25","1|2|3|4|5","7","50","50","1|2","3","50","50","1|2","3","5","2","5","5","2","ไทย","ไทย","ไทย","1201","Complete","60+","1","0","Intervention","Pass","FL_76","Intervention"
"232","2022-09-30 16:09:40","2022-09-30 16:11:56","0","100","136","1","2022-09-30 16:11:57","anonymous","TH","1","1","63","1","1","1","10","10","1","1|2|3|4|5","62","0","0","38","0","1|2|3|4|5","2","1|2|3|4|5","82","18","0","0","0","1|2|3|4|5","5","64","36","1|2","2","26","74","1|2","3","5","2","5","6","1","ไทย","ไทย","ไทย","136","Speeder","60+","0","1","Control","Pass","FL_64","Control"
"233","2022-09-30 15:44:58","2022-09-30 16:12:15","0","100","1636","1","2022-09-30 16:12:15","anonymous","TH","1","1","44","0","1","1","10","10","2","1|2|3|4|5","20","30","10","10","30","1|2|3|4|5","2","1|2|3|4|5","25","40","10","5","20","1|2|3|4|5","7","40","60","1|2","3","30","70","1|2","3","6","2","4","8","2","ไทย","ไทย","ไทย","1636","Complete","40-49","1","1","Control","Pass","FL_63","Control"
"234","2022-09-30 16:10:48","2022-09-30 16:14:15","0","100","206","1","2022-09-30 16:14:15","anonymous","TH","0.8999999761581421","1","39","0","1","1","10","10","2","1|2|3|4|5","29","26","27","18","0","1|2|3|4|5","3","1|2|3|4|5","0","20","40","0","40","1|2|3|4|5","7","81","19","1|2","3","80","20","1|2","3","7","2","5","3","1","ไทย","ไทย","ไทย","206","Complete","30-39","0","1","Intervention","Pass","FL_64","Intervention"
"235","2022-09-30 16:02:06","2022-09-30 16:17:17","0","100","910","1","2022-09-30 16:17:17","anonymous","TH","1","1","52","0","1","1","10","10","2","4|3|2|1|5","35","55","0","0","10","4|3|2|1|5","2","4|3|2|1|5","30","70","0","0","0","4|3|2|1|5","4","60","40","2|1","3","55","45","2|1","2","4","2","5","5","1","ไทย","ไทย","ไทย","910","Complete","50-59","0","0","Control","Pass","FL_88","Control"
"236","2022-09-30 16:17:37","2022-09-30 16:20:04","0","100","147","1","2022-09-30 16:20:05","anonymous","TH","0.8999999761581421","1","39","0","1","1","10","10","2","1|2|3|4|5","32","35","21","12","0","1|2|3|4|5","3","1|2|3|4|5","26","26","27","21","0","1|2|3|4|5","7","77","23","1|2","3","73","27","1|2","3","7","2","5","3","1","ไทย","ไทย","ไทย","147","Speeder","30-39","1","1","Intervention","Pass","FL_63","Intervention"
"237","2022-09-30 16:12:11","2022-09-30 16:20:59","0","100","527","1","2022-09-30 16:20:59","anonymous","TH","1","1","61","0","1","1","10","10","2","4|3|2|1|5","36","27","26","10","1","4|3|2|1|5","2","4|3|2|1|5","35","29","22","9","5","4|3|2|1|5","6","46","54","2|1","3","28","72","2|1","4","5","2","5","6","1","ไทย","ไทย","ไทย","527","Complete","60+","1","1","Control","Pass","FL_63","Control"
"238","2022-09-30 16:15:24","2022-09-30 16:22:43","0","100","438","1","2022-09-30 16:22:43","anonymous","TH","1","1","67","0","1","1","10","10","1","1|2|3|4|5","50","20","10","10","10","1|2|3|4|5","1","1|2|3|4|5","20","30","10","10","30","1|2|3|4|5","6","60","40","1|2","3","40","60","1|2","4","6","2","4","5","1","ไทย","ไทย","ไทย","438","Complete","60+","0","0","Control","Pass","FL_88","Control"
"239","2022-09-30 16:12:21","2022-09-30 16:23:15","0","100","654","1","2022-09-30 16:23:16","anonymous","TH","1","1","55","0","1","1","10","10","1","1|2|3|4|5","67","25","8","0","0","1|2|3|4|5","2","1|2|3|4|5","34","27","26","5","8","1|2|3|4|5","7","26","74","1|2","3","23","77","1|2","4","7","2","3","5","1","ไทย","ไทย","ไทย","654","Complete","50-59","0","1","Intervention","Pass","FL_64","Intervention"
"240","2022-09-30 15:40:21","2022-09-30 16:23:30","0","100","2588","1","2022-09-30 16:23:30","anonymous","TH","1","1","38","0","1","1","5","5","4","1|2|3|4|5","20","10","20","25","25","1|2|3|4|5","4","1|2|3|4|5","10","40","20","30","0","1|2|3|4|5","6","50","50","1|2","3","30","70","1|2","2","5","2","5","5","1","ไทย","ไทย","ไทย","2588","Complete","30-39","0","1","Intervention","Pass","FL_64","Intervention"
"241","2022-09-30 16:23:39","2022-09-30 16:24:21","0","100","42","1","2022-09-30 16:24:22","anonymous","TH","1","1","0","0","1","1","","","","","","","","","","","","","","","","","","","","","","","","","","","","","","","","","ไทย","ไทย","ไทย","42","Screenout","","","","","","",""
"242","2022-09-30 16:13:48","2022-09-30 16:24:27","0","100","638","1","2022-09-30 16:24:27","anonymous","TH","1","1","37","1","1","1","10","5","1","1|2|3|4|5","68","10","10","0","12","1|2|3|4|5","1","1|2|3|4|5","50","17","23","10","0","1|2|3|4|5","7","80","20","1|2","4","14","86","1|2","3","2","2","5","6","1","ไทย","ไทย","ไทย","638","Complete","30-39","1","0","Intervention","Pass","FL_76","Intervention"
"243","2022-09-30 16:21:36","2022-09-30 16:25:54","0","100","257","1","2022-09-30 16:25:54","anonymous","TH","1","1","28","0","1","1","5","4","1","4|3|2|1|5","0","41","39","20","0","4|3|2|1|5","1","4|3|2|1|5","27","54","0","0","19","4|3|2|1|5","6","52","48","2|1","4","49","51","2|1","4","3","2","5","2","2","ไทย","ไทย","ไทย","257","Complete","18-29","1","0","Control","Pass","FL_76","Control"
"244","2022-09-30 16:26:36","2022-09-30 16:32:10","0","100","334","1","2022-09-30 16:32:13","anonymous","TH","1","1","38","1","1","1","10","8","2","1|2|3|4|5","50","50","0","0","0","1|2|3|4|5","3","1|2|3|4|5","25","25","30","0","20","1|2|3|4|5","6","10","90","1|2","3","0","100","1|2","4","4","2","5","5","1","ไทย","ไทย","ไทย","334","Complete","30-39","1","1","Intervention","Pass","FL_63","Intervention"
"245","2022-09-30 16:18:55","2022-09-30 16:32:40","0","100","824","1","2022-09-30 16:32:41","anonymous","TH","1","1","32","0","1","1","10","8","2","1|2|3|4|5","40","0","0","22","38","1|2|3|4|5","2","1|2|3|4|5","0","20","40","20","20","1|2|3|4|5","6","30","70","1|2","3","40","60","1|2","3","3","2","5","4","1","ไทย","ไทย","ไทย","824","Complete","30-39","0","0","Control","Pass","FL_88","Control"
"246","2022-09-30 16:37:20","2022-09-30 16:40:36","0","100","195","1","2022-09-30 16:40:36","anonymous","TH","1","1","33","0","1","1","9","9","2","1|2|3|4|5","18","27","29","26","0","1|2|3|4|5","2","1|2|3|4|5","10","13","14","22","41","1|2|3|4|5","5","46","54","1|2","3","48","52","1|2","3","99","2","5","5","1","ไทย","ไทย","ไทย","195","Complete","30-39","1","0","Control","Pass","FL_76","Control"
"247","2022-09-30 16:36:01","2022-09-30 16:40:57","0","100","295","1","2022-09-30 16:40:57","anonymous","TH","","1","25","0","1","1","10","10","1","1|2|3|4|5","42","28","30","0","0","1|2|3|4|5","1","1|2|3|4|5","37","23","29","0","11","1|2|3|4|5","7","50","50","1|2","3","34","66","1|2","4","6","2","5","6","1","ไทย","ไทย","ไทย","295","Complete","18-29","0","1","Intervention","Pass","FL_64","Intervention"
"248","2022-09-30 16:37:56","2022-09-30 16:40:58","0","100","182","1","2022-09-30 16:40:58","anonymous","TH","1","1","54","1","1","1","","","","","","","","","","","","","","","","","","","","","","","","","","","","","","","","","ไทย","ไทย","ไทย","182","","50-59","","","","","",""
"249","2022-09-30 15:59:16","2022-09-30 16:43:10","0","100","2634","1","2022-09-30 16:43:11","anonymous","TH","1","1","36","0","1","1","10","10","2","4|3|2|1|5","20","40","18","2","20","4|3|2|1|5","2","4|3|2|1|5","20","25","25","20","10","4|3|2|1|5","5","80","20","2|1","3","30","70","2|1","3","6","2","5","7","1","ไทย","ไทย","ไทย","2634","Complete","30-39","1","0","Control","Pass","FL_76","Control"
"250","2022-09-30 16:37:49","2022-09-30 16:43:56","0","100","366","1","2022-09-30 16:43:56","anonymous","TH","1","1","32","0","1","1","10","7","1","4|3|2|1|5","10","25","17","6","42","4|3|2|1|5","1","4|3|2|1|5","27","9","20","0","44","4|3|2|1|5","7","67","33","2|1","3","39","61","2|1","4","6","2","4","5","1","ไทย","ไทย","ไทย","366","Complete","30-39","1","1","Intervention","Pass","FL_63","Intervention"
"251","2022-09-30 16:36:26","2022-09-30 16:45:35","0","100","549","1","2022-09-30 16:45:36","anonymous","TH","1","1","69","0","1","1","10","10","2","1|2|3|4|5","80","0","0","0","20","1|2|3|4|5","5","1|2|3|4|5","31","38","0","0","31","1|2|3|4|5","5","50","50","1|2","3","50","50","1|2","3","99","2","5","5","2","ไทย","ไทย","ไทย","549","Complete","60+","1","0","Intervention","Pass","FL_76","Intervention"
"252","2022-09-30 16:33:04","2022-09-30 16:46:51","0","100","827","1","2022-09-30 16:46:52","anonymous","TH","1","1","54","0","1","1","10","10","1","4|3|2|1|5","0","0","96","4","0","4|3|2|1|5","5","4|3|2|1|5","0","100","0","0","0","4|3|2|1|5","7","0","100","2|1","3","0","100","2|1","4","7","2","3","10","1","ไทย","ไทย","ไทย","827","Complete","50-59","0","1","Control","Pass","FL_64","Control"
"253","2022-09-30 16:29:38","2022-09-30 16:47:50","0","100","1091","1","2022-09-30 16:47:52","anonymous","TH","1","1","62","1","1","1","10","10","1","1|2|3|4|5","69","15","10","3","3","1|2|3|4|5","1","1|2|3|4|5","65","21","8","1","5","1|2|3|4|5","5","30","70","1|2","3","25","75","1|2","4","5","2","5","6","1","ไทย","ไทย","ไทย","1091","Complete","60+","0","0","Control","Pass","FL_88","Control"
"254","2022-09-30 16:41:22","2022-09-30 16:49:04","0","100","461","1","2022-09-30 16:49:04","anonymous","TH","","1","61","1","1","1","10","10","1","4|3|2|1|5","41","29","19","8","3","4|3|2|1|5","5","4|3|2|1|5","44","23","17","12","4","4|3|2|1|5","7","28","72","2|1","3","28","72","2|1","3","5","2","3","5","1","ไทย","ไทย","ไทย","461","Complete","60+","1","1","Control","Pass","FL_63","Control"
"255","2022-09-30 16:38:11","2022-09-30 16:49:39","0","100","687","1","2022-09-30 16:49:39","anonymous","TH","0.8999999761581421","1","64","0","1","1","10","10","5","4|3|2|1|5","20","10","10","55","5","4|3|2|1|5","5","4|3|2|1|5","9","19","20","50","2","4|3|2|1|5","2","60","40","2|1","3","50","50","2|1","3","5","2","2","5","2","ไทย","ไทย","ไทย","687","Complete","60+","0","1","Intervention","Pass","FL_64","Intervention"
"256","2022-09-30 16:45:34","2022-09-30 16:51:46","0","100","371","1","2022-09-30 16:51:46","anonymous","TH","1","1","65","0","1","1","10","8","5","1|2|3|4|5","39","35","26","0","0","1|2|3|4|5","5","1|2|3|4|5","34","50","16","0","0","1|2|3|4|5","4","46","54","1|2","3","55","45","1|2","3","4","2","4","5","1","ไทย","ไทย","ไทย","371","Complete","60+","0","1","Intervention","Pass","FL_64","Intervention"
"257","2022-09-30 16:50:19","2022-09-30 16:52:59","0","100","160","1","2022-09-30 16:53:00","anonymous","TH","0.8999999761581421","1","30","0","1","1","10","10","1","1|2|3|4|5","20","10","16","23","31","1|2|3|4|5","1","1|2|3|4|5","20","30","15","20","15","1|2|3|4|5","7","70","30","1|2","3","70","30","1|2","3","6","2","4","7","1","ไทย","ไทย","ไทย","160","Speeder","30-39","1","1","Intervention","Pass","FL_63","Intervention"
"258","2022-09-30 16:47:58","2022-09-30 16:54:10","0","100","372","1","2022-09-30 16:54:10","anonymous","TH","1","1","27","1","1","1","10","10","1","1|2|3|4|5","32","33","32","3","0","1|2|3|4|5","1","1|2|3|4|5","100","0","0","0","0","1|2|3|4|5","6","36","64","1|2","2","100","0","1|2","2","7","2","3","7","1","ไทย","ไทย","ไทย","372","Complete","18-29","1","0","Control","Pass","FL_76","Control"
"259","2022-09-30 16:52:39","2022-09-30 16:54:44","0","100","125","1","2022-09-30 16:54:45","anonymous","TH","1","1","27","1","1","1","0","0","5","4|3|2|1|5","0","0","3","97","0","4|3|2|1|5","4","4|3|2|1|5","0","0","84","16","0","4|3|2|1|5","1","54","46","2|1","1","57","43","2|1","4","1","2","5","8","3","ไทย","ไทย","ไทย","125","Speeder","18-29","0","1","Control","Pass","FL_64","Control"
"260","2022-09-30 16:58:31","2022-09-30 17:01:36","0","100","185","1","2022-09-30 17:01:36","anonymous","TH","1","1","36","1","1","1","9","9","1","4|3|2|1|5","55","31","0","0","14","4|3|2|1|5","1","4|3|2|1|5","70","0","0","0","30","4|3|2|1|5","7","50","50","2|1","3","70","30","2|1","4","6","2","7","5","1","ไทย","ไทย","ไทย","185","Complete","30-39","1","0","Control","Pass","FL_76","Control"
"261","2022-09-30 16:56:10","2022-09-30 17:01:53","0","100","342","1","2022-09-30 17:01:54","anonymous","TH","1","1","20","1","1","1","10","0","2","4|3|2|1|5","0","100","0","0","0","4|3|2|1|5","2","4|3|2|1|5","0","100","0","0","0","4|3|2|1|5","5","74","26","2|1","3","60","40","2|1","4","1","2","3","2","1","ไทย","ไทย","ไทย","342","Complete","18-29","1","1","Intervention","Pass","FL_63","Intervention"
"262","2022-09-30 16:53:36","2022-09-30 17:02:02","0","100","506","1","2022-09-30 17:02:03","anonymous","TH","1","1","61","1","1","1","9","8","2","1|2|3|4|5","60","19","10","3","8","1|2|3|4|5","2","1|2|3|4|5","21","30","12","10","27","1|2|3|4|5","4","62","38","1|2","3","30","70","1|2","3","4","2","4","5","1","ไทย","ไทย","ไทย","506","Complete","60+","1","0","Intervention","Pass","FL_76","Intervention"
"263","2022-09-30 16:55:50","2022-09-30 17:02:28","0","100","398","1","2022-09-30 17:02:29","anonymous","TH","1","1","63","0","1","1","10","10","2","1|2|3|4|5","70","20","10","0","0","1|2|3|4|5","1","1|2|3|4|5","70","30","0","0","0","1|2|3|4|5","7","0","100","1|2","4","100","0","1|2","3","7","2","5","5","1","ไทย","ไทย","ไทย","398","Complete","60+","1","1","Intervention","Pass","FL_63","Intervention"
"264","2022-09-30 16:37:57","2022-09-30 17:03:44","0","100","1547","1","2022-09-30 17:03:44","anonymous","TH","1","1","54","0","1","1","10","10","1","1|2|3|4|5","52","15","15","0","18","1|2|3|4|5","1","1|2|3|4|5","30","70","0","0","0","1|2|3|4|5","6","20","80","1|2","3","0","100","1|2","3","5","2","5","4","2","ไทย","ไทย","ไทย","1547","Complete","50-59","0","0","Control","Pass","FL_88","Control"
"265","2022-09-30 16:57:11","2022-09-30 17:05:18","0","100","486","1","2022-09-30 17:05:18","anonymous","TH","1","1","37","0","1","1","10","10","3","1|2|3|4|5","15","22","27","18","18","1|2|3|4|5","2","1|2|3|4|5","16","21","17","20","26","1|2|3|4|5","6","47","53","1|2","4","42","58","1|2","2","5","2","5","4","1","ไทย","ไทย","ไทย","486","Complete","30-39","0","1","Intervention","Pass","FL_64","Intervention"
"266","2022-09-30 16:44:18","2022-09-30 17:05:22","0","100","1264","1","2022-09-30 17:05:23","anonymous","TH","1","1","40","1","1","1","10","10","2","1|2|3|4|5","25","26","19","22","8","1|2|3|4|5","3","1|2|3|4|5","30","22","20","13","15","1|2|3|4|5","7","68","32","1|2","4","47","53","1|2","4","5","2","5","10","1","ไทย","ไทย","ไทย","1264","Complete","40-49","0","0","Intervention","Pass","FL_88","Intervention"
"267","2022-09-30 16:53:19","2022-09-30 17:06:30","0","100","790","1","2022-09-30 17:06:30","anonymous","TH","1","1","60","1","1","1","10","10","1","4|3|2|1|5","34","27","7","0","32","4|3|2|1|5","1","4|3|2|1|5","45","7","25","10","13","4|3|2|1|5","7","24","76","2|1","4","20","80","2|1","4","7","2","5","8","1","ไทย","ไทย","ไทย","790","Complete","60+","0","0","Control","Pass","FL_88","Control"
"268","2022-09-30 17:03:28","2022-09-30 17:08:00","0","100","271","1","2022-09-30 17:08:00","anonymous","TH","1","1","25","1","1","1","10","4","1","1|2|3|4|5","52","34","0","0","14","1|2|3|4|5","2","1|2|3|4|5","33","20","30","1","16","1|2|3|4|5","4","41","59","1|2","3","76","24","1|2","2","2","2","6","5","1","ไทย","ไทย","ไทย","271","Complete","18-29","1","1","Control","Pass","FL_63","Control"
"269","2022-09-30 17:03:04","2022-09-30 17:09:06","0","100","361","1","2022-09-30 17:09:06","anonymous","TH","1","1","22","1","1","1","9","10","2","1|2|3|4|5","75","25","0","0","0","1|2|3|4|5","3","1|2|3|4|5","29","25","27","16","3","1|2|3|4|5","6","79","21","1|2","2","79","21","1|2","2","4","2","3","5","1","ไทย","ไทย","ไทย","361","Complete","18-29","0","0","Control","Pass","FL_88","Control"
"270","2022-09-30 17:11:27","2022-09-30 17:14:41","0","100","193","1","2022-09-30 17:14:41","anonymous","TH","0.8999999761581421","1","38","1","1","1","10","10","1","1|2|3|4|5","12","15","17","18","38","1|2|3|4|5","1","1|2|3|4|5","12","22","22","23","21","1|2|3|4|5","7","49","51","1|2","3","49","51","1|2","2","7","2","5","10","2","ไทย","ไทย","ไทย","193","Complete","30-39","0","0","Intervention","Pass","FL_88","Intervention"
"271","2022-09-30 17:10:34","2022-09-30 17:19:37","0","100","543","1","2022-09-30 17:19:38","anonymous","TH","1","1","67","1","1","1","10","8","1","4|3|2|1|5","30","20","0","0","50","4|3|2|1|5","1","4|3|2|1|5","30","20","0","0","50","4|3|2|1|5","7","40","60","2|1","3","40","60","2|1","4","6","2","6","3","1","ไทย","ไทย","ไทย","543","Complete","60+","0","1","Intervention","Pass","FL_64","Intervention"
"272","2022-09-30 17:21:15","2022-09-30 17:22:39","0","100","84","1","2022-09-30 17:22:40","anonymous","TH","1","1","32","0","1","1","7","5","2","4|3|2|1|5","0","0","28","72","0","4|3|2|1|5","5","4|3|2|1|5","0","0","100","0","0","4|3|2|1|5","5","66","34","2|1","4","60","40","2|1","2","3","3","","","","ไทย","ไทย","ไทย","84","QualityFail","30-39","1","1","Control","Fail","FL_63","Control"
"273","2022-09-30 17:17:39","2022-09-30 17:24:26","0","100","407","1","2022-09-30 17:24:26","anonymous","TH","1","1","63","1","1","1","10","5","1","4|3|2|1|5","100","0","0","0","0","4|3|2|1|5","1","4|3|2|1|5","85","5","6","4","0","4|3|2|1|5","7","95","5","2|1","3","100","0","2|1","4","2","2","5","0","1","ไทย","ไทย","ไทย","407","Complete","60+","0","1","Control","Pass","FL_64","Control"
"274","2022-09-30 17:24:20","2022-09-30 17:27:05","0","100","165","1","2022-09-30 17:27:05","anonymous","TH","0.8999999761581421","1","31","0","1","1","10","10","2","4|3|2|1|5","20","34","19","27","0","4|3|2|1|5","2","4|3|2|1|5","0","38","31","31","0","4|3|2|1|5","7","17","83","2|1","2","54","46","2|1","4","7","2","5","4","1","ไทย","ไทย","ไทย","165","Speeder","30-39","0","0","Intervention","Pass","FL_88","Intervention"
"275","2022-09-30 17:26:22","2022-09-30 17:30:14","0","100","231","1","2022-09-30 17:30:14","anonymous","TH","1","1","35","0","1","1","10","8","1","1|2|3|4|5","73","27","0","0","0","1|2|3|4|5","1","1|2|3|4|5","76","24","0","0","0","1|2|3|4|5","5","60","40","1|2","3","67","33","1|2","1","4","2","6","6","1","ไทย","ไทย","ไทย","231","Complete","30-39","1","0","Control","Pass","FL_76","Control"
"276","2022-09-30 17:26:56","2022-09-30 17:32:40","0","100","343","1","2022-09-30 17:32:40","anonymous","TH","1","1","37","1","1","1","10","9","3","4|3|2|1|5","26","27","12","31","4","4|3|2|1|5","3","4|3|2|1|5","0","0","30","50","20","4|3|2|1|5","6","62","38","2|1","2","65","35","2|1","3","7","2","3","8","1","ไทย","ไทย","ไทย","343","Complete","30-39","1","1","Intervention","Pass","FL_63","Intervention"
"277","2022-09-30 17:24:13","2022-09-30 17:33:11","0","100","538","1","2022-09-30 17:33:12","anonymous","TH","0.8999999761581421","1","40","1","1","1","10","10","1","1|2|3|4|5","35","20","15","10","20","1|2|3|4|5","1","1|2|3|4|5","19","9","16","17","39","1|2|3|4|5","7","42","58","1|2","4","23","77","1|2","4","7","2","4","0","1","ไทย","ไทย","ไทย","538","Complete","40-49","0","0","Control","Pass","FL_88","Control"
"278","2022-09-30 17:28:30","2022-09-30 17:36:48","0","100","498","1","2022-09-30 17:36:49","anonymous","TH","1","1","66","0","1","1","10","10","2","1|2|3|4|5","29","71","0","0","0","1|2|3|4|5","2","1|2|3|4|5","77","23","0","0","0","1|2|3|4|5","6","75","25","1|2","2","66","34","1|2","3","6","2","5","5","1","ไทย","ไทย","ไทย","498","Complete","60+","1","1","Intervention","Pass","FL_63","Intervention"
"279","2022-09-30 17:20:19","2022-09-30 17:42:54","0","100","1354","1","2022-09-30 17:42:54","anonymous","TH","1","1","61","0","1","1","10","10","2","4|3|2|1|5","14","18","34","34","0","4|3|2|1|5","2","4|3|2|1|5","57","13","17","13","0","4|3|2|1|5","7","30","70","2|1","4","0","100","2|1","4","99","2","2","5","1","ไทย","ไทย","ไทย","1354","Complete","60+","1","0","Intervention","Pass","FL_76","Intervention"
"280","2022-09-30 17:28:35","2022-09-30 17:43:39","0","100","903","1","2022-09-30 17:43:39","anonymous","TH","0.800000011920929","1","32","0","1","1","10","10","1","4|3|2|1|5","40","40","10","5","5","4|3|2|1|5","5","4|3|2|1|5","30","30","15","10","15","4|3|2|1|5","5","20","80","2|1","3","20","80","2|1","3","5","2","5","5","3","ไทย","ไทย","ไทย","903","Complete","30-39","0","1","Control","Pass","FL_64","Control"
"281","2022-09-30 17:30:50","2022-09-30 17:45:05","0","100","855","1","2022-09-30 17:45:06","anonymous","TH","1","1","26","1","1","1","0","10","5","1|2|3|4|5","21","45","29","5","0","1|2|3|4|5","5","1|2|3|4|5","66","34","0","0","0","1|2|3|4|5","1","47","53","1|2","4","47","53","1|2","4","3","2","3","4","1","ไทย","ไทย","ไทย","855","Complete","18-29","0","0","Intervention","Pass","FL_88","Intervention"
"282","2022-09-30 17:39:27","2022-09-30 17:47:43","0","100","496","1","2022-09-30 17:47:44","anonymous","TH","1","1","39","0","1","1","10","10","1","1|2|3|4|5","50","19","13","16","2","1|2|3|4|5","1","1|2|3|4|5","51","20","19","0","10","1|2|3|4|5","6","50","50","1|2","3","40","60","1|2","3","7","2","5","2","1","ไทย","ไทย","ไทย","496","Complete","30-39","0","1","Control","Pass","FL_64","Control"
"283","2022-09-30 17:51:33","2022-09-30 17:55:26","0","100","233","1","2022-09-30 17:55:26","anonymous","TH","1","1","29","0","1","1","7","6","4","4|3|2|1|5","0","48","24","0","28","4|3|2|1|5","2","4|3|2|1|5","23","38","25","14","0","4|3|2|1|5","5","75","25","2|1","3","24","76","2|1","2","6","2","5","3","1","ไทย","ไทย","ไทย","233","Complete","18-29","1","1","Intervention","Pass","FL_63","Intervention"
"284","2022-09-30 17:48:11","2022-09-30 17:58:01","0","100","589","1","2022-09-30 17:58:02","anonymous","TH","1","1","31","1","1","1","10","7","1","1|2|3|4|5","84","16","0","0","0","1|2|3|4|5","1","1|2|3|4|5","75","25","0","0","0","1|2|3|4|5","7","20","80","1|2","3","30","70","1|2","3","7","2","5","5","2","ไทย","ไทย","ไทย","589","Complete","30-39","0","1","Intervention","Pass","FL_64","Intervention"
"285","2022-09-30 17:58:01","2022-09-30 18:00:55","0","100","173","1","2022-09-30 18:00:55","anonymous","TH","1","1","29","0","1","1","10","8","2","4|3|2|1|5","16","29","19","20","16","4|3|2|1|5","1","4|3|2|1|5","7","32","24","17","20","4|3|2|1|5","7","84","16","2|1","4","42","58","2|1","3","6","2","4","10","1","ไทย","ไทย","ไทย","173","Speeder","18-29","1","0","Control","Pass","FL_76","Control"
"286","2022-09-30 17:59:06","2022-09-30 18:01:50","0","100","164","1","2022-09-30 18:01:50","anonymous","TH","0.800000011920929","1","18","1","1","1","5","0","1","4|3|2|1|5","26","29","27","0","18","4|3|2|1|5","1","4|3|2|1|5","12","29","49","10","0","4|3|2|1|5","7","45","55","2|1","3","37","63","2|1","3","6","2","3","6","1","ไทย","ไทย","ไทย","164","Speeder","18-29","0","1","Intervention","Pass","FL_64","Intervention"
"287","2022-09-30 18:07:27","2022-09-30 18:08:03","0","100","35","1","2022-09-30 18:08:03","anonymous","TH","1","1","44","1","1","1","","","","","","","","","","","","","","","","","","","","","","","","","","","","","","","","","ไทย","ไทย","ไทย","35","","40-49","","","","","",""
"288","2022-09-30 17:49:42","2022-09-30 18:08:48","0","100","1145","1","2022-09-30 18:08:48","anonymous","TH","1","1","71","1","1","1","10","10","2","4|3|2|1|5","10","10","20","30","30","4|3|2|1|5","1","4|3|2|1|5","20","10","30","10","30","4|3|2|1|5","1","40","60","2|1","3","40","60","2|1","3","7","2","5","3","1","ไทย","ไทย","ไทย","1145","Complete","60+","0","0","Intervention","Pass","FL_88","Intervention"
"289","2022-09-30 16:25:22","2022-09-30 18:10:30","0","100","6307","1","2022-09-30 18:10:30","anonymous","TH","0.699999988079071","1","62","0","1","1","9","4","1","4|3|2|1|5","16","25","16","9","34","4|3|2|1|5","1","4|3|2|1|5","16","18","17","4","45","4|3|2|1|5","5","31","69","2|1","4","22","78","2|1","3","5","2","5","5","1","ไทย","ไทย","ไทย","6307","Complete","60+","0","0","Control","Pass","FL_88","Control"
"290","2022-09-30 18:11:16","2022-09-30 18:22:19","0","100","663","1","2022-09-30 18:22:19","anonymous","TH","1","1","67","1","1","1","10","10","4","1|2|3|4|5","20","20","20","20","20","1|2|3|4|5","4","1|2|3|4|5","20","20","20","20","20","1|2|3|4|5","4","90","10","1|2","1","90","10","1|2","1","999","2","3","5","1","ไทย","ไทย","ไทย","663","Complete","60+","0","0","Control","Pass","FL_88","Control"
"291","2022-09-30 18:18:00","2022-09-30 18:23:25","0","100","324","1","2022-09-30 18:23:25","anonymous","TH","0.8999999761581421","1","38","0","1","1","4","9","1","1|2|3|4|5","100","0","0","0","0","1|2|3|4|5","1","1|2|3|4|5","100","0","0","0","0","1|2|3|4|5","7","100","0","1|2","3","95","5","1|2","4","7","2","5","8","1","ไทย","ไทย","ไทย","324","Complete","30-39","1","0","Control","Pass","FL_76","Control"
"292","2022-09-30 18:41:53","2022-09-30 18:45:19","0","100","205","1","2022-09-30 18:45:19","anonymous","TH","1","1","34","1","1","1","7","8","2","1|2|3|4|5","38","42","20","0","0","1|2|3|4|5","3","1|2|3|4|5","45","31","24","0","0","1|2|3|4|5","4","58","42","1|2","2","24","76","1|2","2","4","2","5","6","1","ไทย","ไทย","ไทย","205","Complete","30-39","1","1","Intervention","Pass","FL_63","Intervention"
"293","2022-09-30 19:18:21","2022-09-30 19:20:18","0","100","117","1","2022-09-30 19:20:18","anonymous","TH","1","1","57","0","1","1","9","7","2","4|3|2|1|5","0","12","31","57","0","4|3|2|1|5","3","4|3|2|1|5","12","22","35","31","0","4|3|2|1|5","5","49","51","2|1","3","49","51","2|1","3","7","2","5","9","1","ไทย","ไทย","ไทย","117","Speeder","50-59","1","1","Control","Pass","FL_63","Control"
"294","2022-09-30 19:48:23","2022-09-30 19:53:09","0","100","286","1","2022-09-30 19:53:09","anonymous","TH","1","1","60","1","1","1","10","9","2","4|3|2|1|5","0","100","0","0","0","4|3|2|1|5","1","4|3|2|1|5","50","50","0","0","0","4|3|2|1|5","7","50","50","2|1","3","40","60","2|1","3","5","2","5","5","1","ไทย","ไทย","ไทย","286","Complete","60+","0","1","Intervention","Pass","FL_64","Intervention"
"295","2022-09-30 23:55:42","2022-10-01 00:01:32","0","100","350","1","2022-10-01 00:01:32","anonymous","TH","0.8999999761581421","1","24","0","1","1","10","10","3","4|3|2|1|5","0","0","0","100","0","4|3|2|1|5","5","4|3|2|1|5","9","29","19","19","24","4|3|2|1|5","7","50","50","2|1","4","50","50","2|1","3","7","2","3","6","2","ไทย","ไทย","ไทย","350","Complete","18-29","0","0","Control","Pass","FL_88","Control"
"296","2022-10-01 00:08:22","2022-10-01 00:14:46","0","100","383","1","2022-10-01 00:14:46","anonymous","TH","1","1","62","1","1","1","10","10","1","1|2|3|4|5","60","10","11","10","9","1|2|3|4|5","5","1|2|3|4|5","28","20","10","25","17","1|2|3|4|5","6","60","40","1|2","3","40","60","1|2","3","6","2","3","5","1","ไทย","ไทย","ไทย","383","Complete","60+","0","1","Intervention","Pass","FL_64","Intervention"
"297","2022-10-01 00:05:17","2022-10-01 00:22:27","0","100","1030","1","2022-10-01 00:22:27","anonymous","TH","1","1","61","1","1","1","10","10","1","4|3|2|1|5","35","35","10","10","10","4|3|2|1|5","1","4|3|2|1|5","35","35","10","10","10","4|3|2|1|5","7","80","20","2|1","3","20","80","2|1","4","7","2","5","5","1","ไทย","ไทย","ไทย","1030","Complete","60+","1","0","Intervention","Pass","FL_76","Intervention"
"298","2022-10-01 00:26:01","2022-10-01 00:31:29","0","100","327","1","2022-10-01 00:31:29","anonymous","TH","1","1","40","0","1","1","10","9","3","4|3|2|1|5","0","53","36","11","0","4|3|2|1|5","2","4|3|2|1|5","0","10","62","28","0","4|3|2|1|5","5","16","84","2|1","3","14","86","2|1","2","4","2","5","7","1","ไทย","ไทย","ไทย","327","Complete","40-49","0","0","Control","Pass","FL_88","Control"
"299","2022-10-01 01:42:32","2022-10-01 01:43:16","0","100","44","1","2022-10-01 01:43:17","anonymous","TH","1","1","58","1","1","1","","","","","","","","","","","","","","","","","","","","","","","","","","","","","","","","","ไทย","ไทย","ไทย","44","","50-59","","","","","",""
"300","2022-10-01 01:22:17","2022-10-01 01:53:15","0","100","1858","1","2022-10-01 01:53:15","anonymous","TH","1","1","61","0","1","1","10","5","2","1|2|3|4|5","7","34","24","8","27","1|2|3|4|5","1","1|2|3|4|5","5","20","8","26","41","1|2|3|4|5","7","60","40","1|2","4","61","39","1|2","4","4","2","5","3","1","ไทย","ไทย","ไทย","1858","Complete","60+","1","0","Intervention","Pass","FL_76","Intervention"
"301","2022-10-01 01:50:05","2022-10-01 01:59:39","0","100","573","1","2022-10-01 01:59:39","anonymous","TH","1","1","60","1","1","1","10","10","1","4|3|2|1|5","28","36","20","11","5","4|3|2|1|5","1","4|3|2|1|5","31","19","18","10","22","4|3|2|1|5","7","28","72","2|1","4","28","72","2|1","4","6","2","5","9","2","ไทย","ไทย","ไทย","573","Complete","60+","1","1","Control","Pass","FL_63","Control"
"302","2022-10-01 01:58:59","2022-10-01 02:09:37","0","100","637","1","2022-10-01 02:09:37","anonymous","TH","1","1","64","1","1","1","10","10","1","1|2|3|4|5","26","20","11","18","25","1|2|3|4|5","2","1|2|3|4|5","34","16","16","17","17","1|2|3|4|5","7","18","82","1|2","4","16","84","1|2","4","6","2","3","5","1","ไทย","ไทย","ไทย","637","Complete","60+","0","0","Intervention","Pass","FL_88","Intervention"
"303","2022-10-01 02:09:21","2022-10-01 02:11:46","0","100","145","1","2022-10-01 02:11:47","anonymous","TH","1","1","27","0","1","1","4","6","1","1|2|3|4|5","51","24","25","0","0","1|2|3|4|5","1","1|2|3|4|5","50","50","0","0","0","1|2|3|4|5","5","53","47","1|2","2","53","47","1|2","2","4","2","4","4","1","ไทย","ไทย","ไทย","145","Speeder","18-29","0","1","Control","Pass","FL_64","Control"
"304","2022-10-01 02:09:12","2022-10-01 02:14:58","0","100","345","1","2022-10-01 02:14:58","anonymous","TH","1","1","50","0","1","1","10","10","2","4|3|2|1|5","21","36","16","1","26","4|3|2|1|5","2","4|3|2|1|5","29","30","22","0","19","4|3|2|1|5","7","33","67","2|1","4","45","55","2|1","4","6","2","5","5","1","ไทย","ไทย","ไทย","345","Complete","50-59","1","1","Intervention","Pass","FL_63","Intervention"
"305","2022-09-30 15:30:27","2022-10-01 02:22:20","0","100","39112","1","2022-10-01 02:22:20","anonymous","TH","1","1","39","0","1","1","9","8","2","1|2|3|4|5","18","16","21","16","29","1|2|3|4|5","2","1|2|3|4|5","27","24","22","27","0","1|2|3|4|5","5","61","39","1|2","1","58","42","1|2","3","4","2","5","7","1","ไทย","ไทย","ไทย","39112","Complete","30-39","0","1","Control","Pass","FL_64","Control"
"306","2022-10-01 02:23:21","2022-10-01 02:30:05","0","100","404","1","2022-10-01 02:30:05","anonymous","TH","1","1","64","1","1","1","10","10","2","4|3|2|1|5","60","15","8","7","10","4|3|2|1|5","2","4|3|2|1|5","8","70","6","11","5","4|3|2|1|5","7","90","10","2|1","4","10","90","2|1","4","1","2","6","5","1","ไทย","ไทย","ไทย","404","Complete","60+","1","0","Control","Pass","FL_76","Control"
"307","2022-10-01 02:56:15","2022-10-01 03:07:22","0","100","666","1","2022-10-01 03:07:23","anonymous","TH","1","1","26","0","1","1","10","8","2","1|2|3|4|5","60","40","0","0","0","1|2|3|4|5","2","1|2|3|4|5","55","45","0","0","0","1|2|3|4|5","6","70","30","1|2","4","20","80","1|2","3","5","2","5","1","1","ไทย","ไทย","ไทย","666","Complete","18-29","0","1","Intervention","Pass","FL_64","Intervention"
"308","2022-10-01 03:19:47","2022-10-01 03:21:51","0","100","124","1","2022-10-01 03:21:51","anonymous","TH","1","1","27","0","1","1","10","10","4","4|3|2|1|5","16","10","30","29","15","4|3|2|1|5","3","4|3|2|1|5","22","33","18","20","7","4|3|2|1|5","5","58","42","2|1","2","40","60","2|1","2","6","2","5","6","2","ไทย","ไทย","ไทย","124","Speeder","18-29","1","0","Control","Pass","FL_76","Control"
"309","2022-10-01 03:26:18","2022-10-01 03:29:04","0","100","165","1","2022-10-01 03:29:04","anonymous","TH","","1","68","1","1","1","9","9","3","4|3|2|1|5","0","0","100","0","0","4|3|2|1|5","3","4|3|2|1|5","0","0","100","0","0","4|3|2|1|5","7","0","100","2|1","2","0","100","2|1","4","7","2","5","9","1","ไทย","ไทย","ไทย","165","Speeder","60+","0","0","Control","Pass","FL_88","Control"
"310","2022-10-01 03:34:14","2022-10-01 03:38:01","0","100","226","1","2022-10-01 03:38:03","anonymous","TH","1","1","21","0","1","1","7","7","1","1|2|3|4|5","20","20","20","19","21","1|2|3|4|5","2","1|2|3|4|5","16","16","17","18","33","1|2|3|4|5","6","58","42","1|2","3","66","34","1|2","3","6","2","5","5","1","ไทย","ไทย","ไทย","226","Complete","18-29","1","1","Intervention","Pass","FL_63","Intervention"
"311","2022-10-01 03:50:04","2022-10-01 04:04:19","0","100","855","1","2022-10-01 04:04:20","anonymous","TH","0.8999999761581421","1","30","1","1","1","10","10","3","4|3|2|1|5","10","10","50","20","10","4|3|2|1|5","2","4|3|2|1|5","15","50","10","10","15","4|3|2|1|5","4","50","50","2|1","3","50","50","2|1","3","5","2","3","5","1","ไทย","ไทย","ไทย","855","Complete","30-39","0","1","Intervention","Pass","FL_64","Intervention"
"312","2022-10-01 04:05:47","2022-10-01 04:06:09","0","100","21","1","2022-10-01 04:06:09","anonymous","TH","1","1","21","0","0","1","","","","","","","","","","","","","","","","","","","","","","","","","","","","","","","","","ไทย","ไทย","ไทย","21","Screenout","18-29","","","","","",""
"313","2022-10-01 04:02:13","2022-10-01 04:09:18","0","100","425","1","2022-10-01 04:09:19","anonymous","TH","1","1","25","1","1","1","10","8","1","4|3|2|1|5","88","6","5","1","0","4|3|2|1|5","1","4|3|2|1|5","68","16","10","6","0","4|3|2|1|5","7","18","82","2|1","4","16","84","2|1","4","5","2","5","5","1","ไทย","ไทย","ไทย","425","Complete","18-29","1","1","Control","Pass","FL_63","Control"
"314","2022-09-30 15:18:10","2022-10-01 04:13:13","0","100","46503","1","2022-10-01 04:13:14","anonymous","TH","1","1","21","1","1","1","10","10","3","1|2|3|4|5","35","30","15","10","10","1|2|3|4|5","1","1|2|3|4|5","25","25","20","0","30","1|2|3|4|5","7","60","40","1|2","3","0","100","1|2","4","5","2","4","5","1","ไทย","ไทย","ไทย","46503","Complete","18-29","1","0","Intervention","Pass","FL_76","Intervention"
"315","2022-10-01 04:01:35","2022-10-01 04:23:07","0","100","1291","1","2022-10-01 04:23:07","anonymous","TH","0.8999999761581421","1","69","0","1","1","10","10","2","1|2|3|4|5","70","0","30","0","0","1|2|3|4|5","2","1|2|3|4|5","0","0","50","50","0","1|2|3|4|5","6","30","70","1|2","4","50","50","1|2","4","7","2","5","7","1","ไทย","ไทย","ไทย","1291","Complete","60+","1","1","Control","Pass","FL_63","Control"
"316","2022-10-01 04:31:46","2022-10-01 04:35:03","0","100","197","1","2022-10-01 04:35:03","anonymous","TH","1","1","65","0","1","1","5","5","3","4|3|2|1|5","0","29","71","0","0","4|3|2|1|5","3","4|3|2|1|5","37","26","37","0","0","4|3|2|1|5","7","51","49","2|1","3","48","52","2|1","4","6","2","3","0","1","ไทย","ไทย","ไทย","197","Complete","60+","0","0","Intervention","Pass","FL_88","Intervention"
"317","2022-10-01 04:39:02","2022-10-01 04:45:22","0","100","380","1","2022-10-01 04:45:23","anonymous","TH","1","1","62","1","1","1","10","10","1","1|2|3|4|5","73","27","0","0","0","1|2|3|4|5","1","1|2|3|4|5","69","19","12","0","0","1|2|3|4|5","5","60","40","1|2","3","35","65","1|2","3","5","2","5","5","1","ไทย","ไทย","ไทย","380","Complete","60+","1","0","Control","Pass","FL_76","Control"
"318","2022-10-01 04:42:04","2022-10-01 04:50:10","0","100","486","1","2022-10-01 04:50:11","anonymous","TH","1","1","69","0","1","1","9","8","2","1|2|3|4|5","61","5","14","12","8","1|2|3|4|5","2","1|2|3|4|5","40","25","11","5","19","1|2|3|4|5","6","53","47","1|2","3","50","50","1|2","4","6","2","5","5","1","ไทย","ไทย","ไทย","486","Complete","60+","1","1","Control","Pass","FL_63","Control"
"319","2022-10-01 05:01:39","2022-10-01 05:03:15","0","100","95","1","2022-10-01 05:03:15","anonymous","TH","0.8999999761581421","1","29","0","1","1","9","5","1","1|2|3|4|5","12","28","60","0","0","1|2|3|4|5","1","1|2|3|4|5","100","0","0","0","0","1|2|3|4|5","5","38","62","1|2","3","36","64","1|2","3","7","2","1","9","1","ไทย","ไทย","ไทย","95","Speeder","18-29","1","0","Intervention","Pass","FL_76","Intervention"
"320","2022-10-01 05:39:53","2022-10-01 05:48:03","0","100","489","1","2022-10-01 05:48:03","anonymous","TH","1","1","63","1","1","1","10","10","5","1|2|3|4|5","20","20","20","20","20","1|2|3|4|5","5","1|2|3|4|5","20","20","20","20","20","1|2|3|4|5","4","50","50","1|2","3","50","50","1|2","2","4","2","3","5","1","ไทย","ไทย","ไทย","489","Complete","60+","0","0","Control","Pass","FL_88","Control"
"321","2022-10-01 05:41:12","2022-10-01 05:49:17","0","100","484","1","2022-10-01 05:49:18","anonymous","TH","1","1","25","1","1","1","7","8","1","4|3|2|1|5","17","18","34","24","7","4|3|2|1|5","1","4|3|2|1|5","33","7","24","29","7","4|3|2|1|5","5","49","51","2|1","2","50","50","2|1","2","5","2","4","8","2","ไทย","ไทย","ไทย","484","Complete","18-29","0","1","Intervention","Pass","FL_64","Intervention"
"322","2022-10-01 05:45:57","2022-10-01 05:49:49","0","100","231","1","2022-10-01 05:49:49","anonymous","TH","1","1","25","0","1","1","5","10","5","1|2|3|4|5","23","40","17","7","13","1|2|3|4|5","1","1|2|3|4|5","25","35","15","12","13","1|2|3|4|5","5","64","36","1|2","3","59","41","1|2","3","99","2","1","5","2","ไทย","ไทย","ไทย","231","Complete","18-29","0","0","Control","Pass","FL_88","Control"
"323","2022-10-01 05:42:38","2022-10-01 05:51:02","0","100","504","1","2022-10-01 05:51:03","anonymous","TH","0.8999999761581421","1","62","1","1","1","10","9","1","1|2|3|4|5","90","10","0","0","0","1|2|3|4|5","1","1|2|3|4|5","70","20","5","5","0","1|2|3|4|5","7","64","36","1|2","4","20","80","1|2","4","4","2","5","8","1","ไทย","ไทย","ไทย","504","Complete","60+","1","1","Intervention","Pass","FL_63","Intervention"
"324","2022-10-01 05:50:48","2022-10-01 05:51:48","0","100","59","1","2022-10-01 05:51:48","anonymous","TH","1","1","45","1","1","1","","","","","","","","","","","","","","","","","","","","","","","","","","","","","","","","","ไทย","ไทย","ไทย","59","","40-49","","","","","",""
"325","2022-10-01 05:55:28","2022-10-01 05:57:04","0","100","95","1","2022-10-01 05:57:04","anonymous","TH","1","1","65","1","1","1","","","","","","","","","","","","","","","","","","","","","","","","","","","","","","","","","ไทย","ไทย","ไทย","95","","60+","","","","","",""
"326","2022-10-01 03:26:55","2022-10-01 05:59:01","0","100","9126","1","2022-10-01 05:59:02","anonymous","TH","1","1","67","0","1","1","10","10","1","1|2|3|4|5","0","67","33","0","0","1|2|3|4|5","4","1|2|3|4|5","50","50","0","0","0","1|2|3|4|5","7","56","44","1|2","3","93","7","1|2","3","7","2","2","10","2","ไทย","ไทย","ไทย","9126","Complete","60+","0","0","Control","Pass","FL_88","Control"
"327","2022-10-01 04:19:42","2022-10-01 06:02:20","0","100","6157","1","2022-10-01 06:02:20","anonymous","TH","1","1","68","1","1","1","","","","","","","","","","","","","","","","","","","","","","","","","","","","","","","","","ไทย","ไทย","ไทย","6157","","60+","","","","","",""
"328","2022-10-01 06:07:11","2022-10-01 06:07:42","0","100","30","1","2022-10-01 06:07:43","anonymous","TH","0.8999999761581421","1","60","1","1","1","","","","","","","","","","","","","","","","","","","","","","","","","","","","","","","","","ไทย","ไทย","ไทย","30","","60+","","","","","",""
"329","2022-10-01 06:05:19","2022-10-01 06:10:47","0","100","327","1","2022-10-01 06:10:47","anonymous","TH","0.800000011920929","1","37","0","1","1","10","10","3","4|3|2|1|5","27","23","17","22","11","4|3|2|1|5","2","4|3|2|1|5","10","20","27","27","16","4|3|2|1|5","7","35","65","2|1","4","30","70","2|1","4","7","2","5","3","1","ไทย","ไทย","ไทย","327","Complete","30-39","0","1","Intervention","Pass","FL_64","Intervention"
"330","2022-10-01 06:10:49","2022-10-01 06:12:02","0","100","72","1","2022-10-01 06:12:02","anonymous","TH","1","1","65","1","1","1","","","","","","","","","","","","","","","","","","","","","","","","","","","","","","","","","ไทย","ไทย","ไทย","72","","60+","","","","","",""
"331","2022-10-01 06:17:55","2022-10-01 06:19:03","0","100","67","1","2022-10-01 06:19:03","anonymous","TH","0.8999999761581421","1","62","1","1","1","","","","","","","","","","","","","","","","","","","","","","","","","","","","","","","","","ไทย","ไทย","ไทย","67","","60+","","","","","",""
"332","2022-10-01 06:27:25","2022-10-01 06:28:01","0","100","36","1","2022-10-01 06:28:01","anonymous","TH","1","1","49","1","1","1","","","","","","","","","","","","","","","","","","","","","","","","","","","","","","","","","ไทย","ไทย","ไทย","36","","40-49","","","","","",""
"333","2022-10-01 06:21:52","2022-10-01 06:33:03","0","100","670","1","2022-10-01 06:33:03","anonymous","TH","1","1","65","0","1","1","10","10","1","4|3|2|1|5","20","69","4","7","0","4|3|2|1|5","1","4|3|2|1|5","20","39","21","14","6","4|3|2|1|5","6","81","19","2|1","3","13","87","2|1","3","4","2","5","5","1","ไทย","ไทย","ไทย","670","Complete","60+","1","0","Control","Pass","FL_76","Control"
"334","2022-10-01 06:36:48","2022-10-01 06:37:27","0","100","38","1","2022-10-01 06:37:27","anonymous","TH","1","1","68","1","1","1","","","","","","","","","","","","","","","","","","","","","","","","","","","","","","","","","ไทย","ไทย","ไทย","38","","60+","","","","","",""
"335","2022-10-01 06:36:15","2022-10-01 06:42:18","0","100","363","1","2022-10-01 06:42:19","anonymous","TH","1","1","19","0","1","1","10","0","2","1|2|3|4|5","0","100","0","0","0","1|2|3|4|5","2","1|2|3|4|5","0","100","0","0","0","1|2|3|4|5","5","13","87","1|2","3","45","55","1|2","3","5","2","5","0","1","ไทย","ไทย","ไทย","363","Complete","18-29","0","1","Intervention","Pass","FL_64","Intervention"
"336","2022-10-01 06:29:45","2022-10-01 06:49:40","0","100","1195","1","2022-10-01 06:49:41","anonymous","TH","0.8999999761581421","1","27","1","1","1","10","5","2","4|3|2|1|5","10","90","0","0","0","4|3|2|1|5","2","4|3|2|1|5","10","90","0","0","0","4|3|2|1|5","7","95","5","2|1","3","10","90","2|1","3","6","2","5","4","1","ไทย","ไทย","ไทย","1195","Complete","18-29","1","0","Intervention","Pass","FL_76","Intervention"
"337","2022-10-01 07:59:35","2022-10-01 08:03:31","0","100","236","1","2022-10-01 08:03:31","anonymous","TH","0.8999999761581421","1","68","1","1","1","","","","","","","","","","","","","","","","","","","","","","","","","","","","","","","","","ไทย","ไทย","ไทย","236","","60+","","","","","",""
"338","2022-10-01 08:17:06","2022-10-01 08:19:52","0","100","166","1","2022-10-01 08:19:52","anonymous","TH","0.8999999761581421","1","23","0","1","1","4","10","2","1|2|3|4|5","36","23","15","22","4","1|2|3|4|5","2","1|2|3|4|5","31","15","11","27","16","1|2|3|4|5","7","63","37","1|2","4","0","100","1|2","4","7","2","6","10","3","ไทย","ไทย","ไทย","166","Speeder","18-29","1","1","Intervention","Pass","FL_63","Intervention"
"339","2022-10-01 08:45:31","2022-10-01 08:46:29","0","100","57","1","2022-10-01 08:46:29","anonymous","TH","1","1","61","1","1","1","","","","","","","","","","","","","","","","","","","","","","","","","","","","","","","","","ไทย","ไทย","ไทย","57","","60+","","","","","",""
"340","2022-10-01 08:47:44","2022-10-01 08:58:32","0","100","648","1","2022-10-01 08:58:33","anonymous","TH","1","1","50","1","1","1","","","","","","","","","","","","","","","","","","","","","","","","","","","","","","","","","ไทย","ไทย","ไทย","648","","50-59","","","","","",""
"341","2022-10-01 09:23:47","2022-10-01 09:25:45","0","100","118","1","2022-10-01 09:25:46","anonymous","TH","1","1","68","1","1","1","","","","","","","","","","","","","","","","","","","","","","","","","","","","","","","","","ไทย","ไทย","ไทย","118","","60+","","","","","",""
"342","2022-10-01 09:46:10","2022-10-01 09:48:16","0","100","125","1","2022-10-01 09:48:17","anonymous","TH","0.8999999761581421","1","60","0","1","1","8","8","3","4|3|2|1|5","0","0","23","77","0","4|3|2|1|5","3","4|3|2|1|5","26","0","0","74","0","4|3|2|1|5","6","17","83","2|1","2","24","76","2|1","3","6","2","5","8","1","ไทย","ไทย","ไทย","125","Speeder","60+","1","1","Control","Pass","FL_63","Control"
"343","2022-10-01 09:50:13","2022-10-01 09:54:26","0","100","252","1","2022-10-01 09:54:26","anonymous","TH","1","1","20","1","1","1","10","10","4","1|2|3|4|5","19","31","33","17","0","1|2|3|4|5","5","1|2|3|4|5","49","50","1","0","0","1|2|3|4|5","1","0","100","1|2","2","0","100","1|2","2","3","2","3","6","2","ไทย","ไทย","ไทย","252","Complete","18-29","0","0","Control","Pass","FL_88","Control"
"344","2022-10-01 10:09:33","2022-10-01 10:13:22","0","100","228","1","2022-10-01 10:13:22","anonymous","TH","0.8999999761581421","1","20","0","1","1","8","6","2","4|3|2|1|5","0","18","5","77","0","4|3|2|1|5","3","4|3|2|1|5","0","38","46","14","2","4|3|2|1|5","5","58","42","2|1","1","33","67","2|1","3","99","2","5","4","3","ไทย","ไทย","ไทย","228","Complete","18-29","0","1","Intervention","Pass","FL_64","Intervention"
"345","2022-10-01 10:11:51","2022-10-01 10:18:07","0","100","375","1","2022-10-01 10:18:08","anonymous","TH","1","1","29","1","1","1","8","8","3","4|3|2|1|5","0","0","51","49","0","4|3|2|1|5","1","4|3|2|1|5","15","30","20","0","35","4|3|2|1|5","7","68","32","2|1","3","28","72","2|1","3","7","2","5","0","1","ไทย","ไทย","ไทย","375","Complete","18-29","1","0","Intervention","Pass","FL_76","Intervention"
"346","2022-10-01 10:26:29","2022-10-01 10:30:28","0","100","239","1","2022-10-01 10:30:29","anonymous","TH","1","1","20","1","1","1","3","2","5","1|2|3|4|5","31","15","15","8","31","1|2|3|4|5","2","1|2|3|4|5","24","0","24","27","25","1|2|3|4|5","1","39","61","1|2","2","61","39","1|2","2","1","2","5","3","2","ไทย","ไทย","ไทย","239","Complete","18-29","0","0","Control","Pass","FL_88","Control"
"347","2022-10-01 10:31:09","2022-10-01 10:31:36","0","100","26","1","2022-10-01 10:31:36","anonymous","TH","0.8999999761581421","1","59","1","1","1","","","","","","","","","","","","","","","","","","","","","","","","","","","","","","","","","ไทย","ไทย","ไทย","26","","50-59","","","","","",""
"348","2022-10-01 10:43:15","2022-10-01 10:46:29","0","100","194","1","2022-10-01 10:46:31","anonymous","TH","0.8999999761581421","1","20","0","1","1","4","9","5","1|2|3|4|5","26","7","17","50","0","1|2|3|4|5","2","1|2|3|4|5","40","41","19","0","0","1|2|3|4|5","6","61","39","1|2","3","35","65","1|2","3","3","2","5","8","1","ไทย","ไทย","ไทย","194","Complete","18-29","1","1","Control","Pass","FL_63","Control"
"349","2022-09-30 17:24:46","2022-10-01 11:01:17","0","100","63391","1","2022-10-01 11:01:17","anonymous","TH","1","1","18","1","1","1","5","8","2","1|2|3|4|5","49","43","8","0","0","1|2|3|4|5","4","1|2|3|4|5","38","42","20","0","0","1|2|3|4|5","7","77","23","1|2","3","58","42","1|2","2","5","2","3","5","1","ไทย","ไทย","ไทย","63391","Complete","18-29","0","1","Control","Pass","FL_64","Control"
"350","2022-10-01 11:08:27","2022-10-01 11:12:36","0","100","249","1","2022-10-01 11:12:37","anonymous","TH","1","1","28","0","1","1","9","8","1","4|3|2|1|5","12","19","40","25","4","4|3|2|1|5","3","4|3|2|1|5","19","25","19","29","8","4|3|2|1|5","6","43","57","2|1","2","50","50","2|1","3","6","2","3","7","1","ไทย","ไทย","ไทย","249","Complete","18-29","1","1","Intervention","Pass","FL_63","Intervention"
"351","2022-10-01 11:21:10","2022-10-01 11:22:30","0","100","79","1","2022-10-01 11:22:30","anonymous","TH","1","1","74","1","1","1","","","","","","","","","","","","","","","","","","","","","","","","","","","","","","","","","ไทย","ไทย","ไทย","79","","60+","","","","","",""
"352","2022-10-01 11:22:25","2022-10-01 11:23:35","0","100","70","1","2022-10-01 11:23:35","anonymous","TH","1","1","38","0","1","1","","","","","","","","","","","","","","","","","","","","","","","","","","","","","","","","","ไทย","ไทย","ไทย","70","","30-39","","","","","",""
"353","2022-10-01 11:43:13","2022-10-01 11:50:30","0","100","437","1","2022-10-01 11:50:30","anonymous","TH","1","1","60","0","1","1","10","10","2","4|3|2|1|5","0","0","0","100","0","4|3|2|1|5","2","4|3|2|1|5","0","7","53","40","0","4|3|2|1|5","7","19","81","2|1","4","0","100","2|1","3","7","2","5","5","1","ไทย","ไทย","ไทย","437","Complete","60+","0","0","Intervention","Pass","FL_88","Intervention"
"354","2022-10-01 12:16:04","2022-10-01 12:16:32","0","100","28","1","2022-10-01 12:16:33","anonymous","TH","1","1","62","1","1","1","","","","","","","","","","","","","","","","","","","","","","","","","","","","","","","","","ไทย","ไทย","ไทย","28","","60+","","","","","",""
"355","2022-10-01 11:52:36","2022-10-01 12:22:47","0","100","1810","1","2022-10-01 12:22:47","anonymous","TH","1","1","19","1","1","1","9","10","3","4|3|2|1|5","12","30","39","19","0","4|3|2|1|5","2","4|3|2|1|5","18","18","19","16","29","4|3|2|1|5","6","40","60","2|1","3","37","63","2|1","4","7","2","3","4","2","ไทย","ไทย","ไทย","1810","Complete","18-29","1","0","Control","Pass","FL_76","Control"
"356","2022-10-01 12:34:15","2022-10-01 12:35:25","0","100","69","1","2022-10-01 12:35:26","anonymous","TH","1","1","62","1","1","1","","","","","","","","","","","","","","","","","","","","","","","","","","","","","","","","","ไทย","ไทย","ไทย","69","","60+","","","","","",""
"357","2022-10-01 12:26:07","2022-10-01 12:37:25","0","100","677","1","2022-10-01 12:37:25","anonymous","TH","1","1","45","0","1","1","10","10","2","4|3|2|1|5","20","59","7","12","2","4|3|2|1|5","2","4|3|2|1|5","27","7","17","49","0","4|3|2|1|5","7","20","80","2|1","3","18","82","2|1","4","7","2","4","0","2","ไทย","ไทย","ไทย","677","Complete","40-49","0","1","Intervention","Pass","FL_64","Intervention"
"358","2022-10-01 13:06:34","2022-10-01 13:07:14","0","100","39","1","2022-10-01 13:07:15","anonymous","TH","1","1","62","1","1","1","","","","","","","","","","","","","","","","","","","","","","","","","","","","","","","","","ไทย","ไทย","ไทย","39","","60+","","","","","",""
"359","2022-10-01 13:36:25","2022-10-01 13:39:22","0","100","177","1","2022-10-01 13:39:23","anonymous","TH","0.8999999761581421","1","65","0","1","1","9","8","5","4|3|2|1|5","0","18","23","59","0","4|3|2|1|5","4","4|3|2|1|5","22","20","32","10","16","4|3|2|1|5","5","54","46","2|1","1","64","36","2|1","1","5","2","3","5","1","ไทย","ไทย","ไทย","177","Speeder","60+","1","0","Control","Pass","FL_76","Control"
"360","2022-09-30 17:10:21","2022-10-01 14:00:51","0","100","75029","1","2022-10-01 14:00:52","anonymous","TH","0.8999999761581421","1","76","1","1","1","6","6","","","","","","","","","","","","","","","","","","","","","","","","","","","","","","","ไทย","ไทย","ไทย","75029","","60+","","","","","FL_76",""
"361","2022-10-01 14:08:25","2022-10-01 14:09:07","0","100","42","1","2022-10-01 14:09:08","anonymous","TH","1","1","61","1","1","1","","","","","","","","","","","","","","","","","","","","","","","","","","","","","","","","","ไทย","ไทย","ไทย","42","","60+","","","","","",""
"362","2022-10-01 14:05:21","2022-10-01 14:09:12","0","100","230","1","2022-10-01 14:09:12","anonymous","TH","0.8999999761581421","1","30","1","1","1","10","10","1","4|3|2|1|5","48","25","14","13","0","4|3|2|1|5","1","4|3|2|1|5","55","18","14","13","0","4|3|2|1|5","7","13","87","2|1","4","9","91","2|1","4","7","2","5","10","1","ไทย","ไทย","ไทย","230","Complete","30-39","1","1","Control","Pass","FL_63","Control"
"363","2022-10-01 14:18:28","2022-10-01 14:19:02","0","100","34","1","2022-10-01 14:19:03","anonymous","TH","1","1","61","1","1","1","","","","","","","","","","","","","","","","","","","","","","","","","","","","","","","","","ไทย","ไทย","ไทย","34","","60+","","","","","",""
"364","2022-10-01 14:28:25","2022-10-01 14:29:08","0","100","42","1","2022-10-01 14:29:08","anonymous","TH","1","1","60","1","1","1","","","","","","","","","","","","","","","","","","","","","","","","","","","","","","","","","ไทย","ไทย","ไทย","42","","60+","","","","","",""
"365","2022-10-01 14:36:09","2022-10-01 14:37:04","0","100","55","1","2022-10-01 14:37:04","anonymous","TH","0.8999999761581421","1","62","1","1","1","","","","","","","","","","","","","","","","","","","","","","","","","","","","","","","","","ไทย","ไทย","ไทย","55","","60+","","","","","",""
"366","2022-10-01 15:05:45","2022-10-01 15:06:30","0","100","45","1","2022-10-01 15:06:31","anonymous","TH","0.8999999761581421","1","31","1","1","1","","","","","","","","","","","","","","","","","","","","","","","","","","","","","","","","","ไทย","ไทย","ไทย","45","","30-39","","","","","",""
"367","2022-10-01 15:47:52","2022-10-01 15:53:05","0","100","312","1","2022-10-01 15:53:05","anonymous","TH","0.8999999761581421","1","19","0","1","1","10","5","5","1|2|3|4|5","50","50","0","0","0","1|2|3|4|5","5","1|2|3|4|5","10","40","50","0","0","1|2|3|4|5","4","50","50","1|2","2","50","50","1|2","3","7","2","3","6","3","ไทย","ไทย","ไทย","312","Complete","18-29","0","0","Intervention","Pass","FL_88","Intervention"
"368","2022-10-01 16:08:09","2022-10-01 16:08:47","0","100","38","1","2022-10-01 16:08:48","anonymous","TH","1","1","60","1","1","1","","","","","","","","","","","","","","","","","","","","","","","","","","","","","","","","","ไทย","ไทย","ไทย","38","","60+","","","","","",""
"369","2022-10-01 16:21:25","2022-10-01 16:22:30","0","100","65","1","2022-10-01 16:22:30","anonymous","TH","1","1","30","0","1","1","","","","","","","","","","","","","","","","","","","","","","","","","","","","","","","","","ไทย","ไทย","ไทย","65","","30-39","","","","","",""
"370","2022-10-01 16:19:26","2022-10-01 16:28:51","0","100","565","1","2022-10-01 16:28:52","anonymous","TH","0.8999999761581421","1","26","0","1","1","3","5","1","4|3|2|1|5","30","10","0","0","60","4|3|2|1|5","2","4|3|2|1|5","20","0","42","0","38","4|3|2|1|5","7","60","40","2|1","3","0","100","2|1","4","4","2","5","8","2","ไทย","ไทย","ไทย","565","Complete","18-29","0","1","Intervention","Pass","FL_64","Intervention"
"371","2022-10-01 16:45:17","2022-10-01 16:58:26","0","100","788","1","2022-10-01 16:58:26","anonymous","TH","1","1","63","0","1","1","10","10","1","4|3|2|1|5","0","0","0","0","100","4|3|2|1|5","5","4|3|2|1|5","0","0","0","0","100","4|3|2|1|5","7","80","20","2|1","4","0","100","2|1","3","6","2","2","10","2","ไทย","ไทย","ไทย","788","Complete","60+","0","0","Intervention","Pass","FL_88","Intervention"
"372","2022-10-01 16:51:35","2022-10-01 17:03:54","0","100","739","1","2022-10-01 17:03:54","anonymous","TH","0.8999999761581421","1","22","1","1","1","8","7","2","4|3|2|1|5","25","40","5","10","20","4|3|2|1|5","2","4|3|2|1|5","20","50","10","10","10","4|3|2|1|5","7","55","45","2|1","3","50","50","2|1","3","4","2","5","6","2","ไทย","ไทย","ไทย","739","Complete","18-29","1","1","Control","Pass","FL_63","Control"
"373","2022-10-01 17:02:56","2022-10-01 17:09:38","0","100","402","1","2022-10-01 17:09:38","anonymous","TH","1","1","26","1","1","1","7","5","2","1|2|3|4|5","20","31","9","11","29","1|2|3|4|5","2","1|2|3|4|5","22","38","6","10","24","1|2|3|4|5","3","63","37","1|2","3","65","35","1|2","2","2","2","5","2","1","ไทย","ไทย","ไทย","402","Complete","18-29","1","0","Control","Pass","FL_76","Control"
"374","2022-10-01 17:21:47","2022-10-01 17:22:37","0","100","50","1","2022-10-01 17:22:37","anonymous","TH","1","1","63","1","1","1","","","","","","","","","","","","","","","","","","","","","","","","","","","","","","","","","ไทย","ไทย","ไทย","50","","60+","","","","","",""
"375","2022-10-01 18:01:24","2022-10-01 18:05:56","0","100","271","1","2022-10-01 18:05:56","anonymous","TH","1","1","23","0","1","1","9","8","2","1|2|3|4|5","30","18","29","12","11","1|2|3|4|5","3","1|2|3|4|5","13","13","35","28","11","1|2|3|4|5","7","58","42","1|2","3","53","47","1|2","3","6","2","4","8","2","ไทย","ไทย","ไทย","271","Complete","18-29","1","0","Intervention","Pass","FL_76","Intervention"
"376","2022-10-01 18:06:20","2022-10-01 18:10:29","0","100","248","1","2022-10-01 18:10:29","anonymous","TH","1","1","21","0","1","1","10","5","5","1|2|3|4|5","20","20","20","20","20","1|2|3|4|5","4","1|2|3|4|5","20","19","20","20","21","1|2|3|4|5","4","50","50","1|2","3","50","50","1|2","3","5","2","4","8","3","ไทย","ไทย","ไทย","248","Complete","18-29","1","1","Intervention","Pass","FL_63","Intervention"
"377","2022-10-01 19:00:09","2022-10-01 19:07:58","0","100","468","1","2022-10-01 19:07:58","anonymous","TH","1","1","25","1","1","1","10","7","1","4|3|2|1|5","24","45","10","0","21","4|3|2|1|5","2","4|3|2|1|5","15","23","8","35","19","4|3|2|1|5","6","15","85","2|1","3","26","74","2|1","3","5","2","5","2","1","ไทย","ไทย","ไทย","468","Complete","18-29","0","0","Control","Pass","FL_88","Control"
"378","2022-10-01 20:58:36","2022-10-01 21:01:13","0","100","156","1","2022-10-01 21:01:13","anonymous","TH","1","1","25","1","1","1","10","5","3","4|3|2|1|5","0","34","23","21","22","4|3|2|1|5","1","4|3|2|1|5","20","26","26","28","0","4|3|2|1|5","5","28","72","2|1","3","38","62","2|1","4","6","2","5","5","1","ไทย","ไทย","ไทย","156","Speeder","18-29","0","1","Intervention","Pass","FL_64","Intervention"
"379","2022-10-02 00:35:28","2022-10-02 00:36:04","0","100","36","1","2022-10-02 00:36:05","anonymous","TH","0.8999999761581421","1","61","1","1","1","","","","","","","","","","","","","","","","","","","","","","","","","","","","","","","","","ไทย","ไทย","ไทย","36","","60+","","","","","",""
"380","2022-10-02 01:42:57","2022-10-02 01:50:58","0","100","480","1","2022-10-02 01:50:58","anonymous","TH","0.8999999761581421","1","19","0","1","1","3","8","2","4|3|2|1|5","9","16","11","40","24","4|3|2|1|5","5","4|3|2|1|5","22","27","2","11","38","4|3|2|1|5","6","50","50","2|1","3","50","50","2|1","3","6","2","3","9","2","ไทย","ไทย","ไทย","480","Complete","18-29","1","0","Control","Pass","FL_76","Control"
"381","2022-10-02 04:53:16","2022-10-02 04:53:58","0","100","42","1","2022-10-02 04:53:59","anonymous","TH","1","1","63","1","1","1","","","","","","","","","","","","","","","","","","","","","","","","","","","","","","","","","ไทย","ไทย","ไทย","42","","60+","","","","","",""
"382","2022-10-02 05:19:44","2022-10-02 05:24:55","0","100","310","1","2022-10-02 05:24:56","anonymous","TH","1","1","63","1","1","1","","","","","","","","","","","","","","","","","","","","","","","","","","","","","","","","","ไทย","ไทย","ไทย","310","","60+","","","","","",""
"383","2022-10-02 05:27:23","2022-10-02 05:31:04","0","100","220","1","2022-10-02 05:31:05","anonymous","TH","1","1","29","0","1","1","5","5","1","1|2|3|4|5","60","10","10","10","10","1|2|3|4|5","1","1|2|3|4|5","60","10","10","10","10","1|2|3|4|5","5","20","80","1|2","3","20","80","1|2","3","5","2","3","5","2","ไทย","ไทย","ไทย","220","Complete","18-29","0","1","Intervention","Pass","FL_64","Intervention"
"384","2022-10-02 05:38:44","2022-10-02 05:39:51","0","100","66","1","2022-10-02 05:39:52","anonymous","TH","1","1","26","1","1","1","4","8","2","1|2|3|4|5","100","0","0","0","0","1|2|3|4|5","2","1|2|3|4|5","100","0","0","0","0","1|2|3|4|5","1","100","0","1|2","2","89","11","1|2","3","2","3","","","","ไทย","ไทย","ไทย","66","QualityFail","18-29","0","0","Control","Fail","FL_88","Control"
"385","2022-10-02 07:05:17","2022-10-02 07:37:27","0","100","1930","1","2022-10-02 07:37:29","anonymous","TH","0.8999999761581421","1","61","0","1","1","5","4","2","1|2|3|4|5","54","46","0","0","0","1|2|3|4|5","2","1|2|3|4|5","49","38","13","0","0","1|2|3|4|5","7","33","67","1|2","3","61","39","1|2","3","5","2","3","1","2","ไทย","ไทย","ไทย","1930","Complete","60+","1","1","Control","Pass","FL_63","Control"
"386","2022-10-02 07:57:59","2022-10-02 08:03:12","0","100","313","1","2022-10-02 08:03:14","anonymous","TH","1","1","65","0","1","1","10","10","1","1|2|3|4|5","61","39","0","0","0","1|2|3|4|5","1","1|2|3|4|5","71","29","0","0","0","1|2|3|4|5","6","52","48","1|2","3","22","78","1|2","3","5","2","5","5","1","ไทย","ไทย","ไทย","313","Complete","60+","0","0","Intervention","Pass","FL_88","Intervention"
"387","2022-10-02 09:12:51","2022-10-02 09:17:01","0","100","250","1","2022-10-02 09:17:01","anonymous","TH","1","1","62","0","1","1","10","5","1","4|3|2|1|5","12","19","23","21","25","4|3|2|1|5","2","4|3|2|1|5","20","28","9","11","32","4|3|2|1|5","6","52","48","2|1","3","50","50","2|1","3","3","2","2","5","2","ไทย","ไทย","ไทย","250","Complete","60+","1","0","Control","Pass","FL_76","Control"
"388","2022-10-02 09:39:32","2022-10-02 09:51:40","0","100","727","1","2022-10-02 09:51:40","anonymous","TH","1","1","64","0","1","1","10","10","2","1|2|3|4|5","13","28","31","7","21","1|2|3|4|5","1","1|2|3|4|5","8","15","20","30","27","1|2|3|4|5","7","28","72","1|2","4","50","50","1|2","4","5","2","4","5","1","ไทย","ไทย","ไทย","727","Complete","60+","0","1","Intervention","Pass","FL_64","Intervention"
"389","2022-10-02 10:20:13","2022-10-02 10:39:09","0","100","1135","1","2022-10-02 10:39:10","anonymous","TH","0.8999999761581421","1","60","0","1","1","10","8","1","4|3|2|1|5","22","18","27","21","12","4|3|2|1|5","1","4|3|2|1|5","17","36","20","16","11","4|3|2|1|5","6","71","29","2|1","4","71","29","2|1","3","4","2","5","7","1","ไทย","ไทย","ไทย","1135","Complete","60+","1","1","Intervention","Pass","FL_63","Intervention"
"390","2022-10-02 11:46:04","2022-10-02 11:50:48","0","100","283","1","2022-10-02 11:50:50","anonymous","TH","1","1","24","0","1","1","3","4","2","1|2|3|4|5","19","20","23","23","15","1|2|3|4|5","2","1|2|3|4|5","14","16","16","31","23","1|2|3|4|5","5","38","62","1|2","3","16","84","1|2","4","6","2","3","6","1","ไทย","ไทย","ไทย","283","Complete","18-29","0","0","Control","Pass","FL_88","Control"
"391","2022-10-02 11:46:29","2022-10-02 11:57:33","0","100","664","1","2022-10-02 11:57:34","anonymous","TH","1","1","19","0","1","1","5","5","1","4|3|2|1|5","30","5","15","40","10","4|3|2|1|5","5","4|3|2|1|5","10","25","15","0","50","4|3|2|1|5","4","70","30","2|1","3","35","65","2|1","4","99","2","3","0","1","ไทย","ไทย","ไทย","664","Complete","18-29","1","0","Intervention","Pass","FL_76","Intervention"
"392","2022-10-02 11:54:35","2022-10-02 12:15:59","0","100","1283","1","2022-10-02 12:15:59","anonymous","TH","1","1","64","0","1","1","10","9","1","4|3|2|1|5","32","31","11","10","16","4|3|2|1|5","1","4|3|2|1|5","5","24","29","10","32","4|3|2|1|5","7","8","92","2|1","4","8","92","2|1","3","5","2","5","10","1","ไทย","ไทย","ไทย","1283","Complete","60+","0","1","Control","Pass","FL_64","Control"
"393","2022-10-02 12:20:20","2022-10-02 12:22:25","0","100","124","1","2022-10-02 12:22:26","anonymous","TH","1","1","19","1","1","1","1","2","4","1|2|3|4|5","24","47","0","24","5","1|2|3|4|5","2","1|2|3|4|5","65","35","0","0","0","1|2|3|4|5","1","48","52","1|2","1","33","67","1|2","1","999","5","","","","ไทย","ไทย","ไทย","124","QualityFail","18-29","0","1","Control","Fail","FL_64","Control"
"394","2022-10-02 12:30:31","2022-10-02 12:31:22","0","100","51","1","2022-10-02 12:31:22","anonymous","TH","1","1","73","1","1","1","","","","","","","","","","","","","","","","","","","","","","","","","","","","","","","","","ไทย","ไทย","ไทย","51","","60+","","","","","",""
"395","2022-10-02 12:50:51","2022-10-02 12:53:15","0","100","143","1","2022-10-02 12:53:17","anonymous","TH","0.8999999761581421","1","29","1","1","1","5","5","1","4|3|2|1|5","16","21","19","16","28","4|3|2|1|5","2","4|3|2|1|5","0","30","49","21","0","4|3|2|1|5","4","31","69","2|1","3","39","61","2|1","2","5","2","3","5","1","ไทย","ไทย","ไทย","143","Speeder","18-29","0","0","Intervention","Pass","FL_88","Intervention"
"396","2022-10-01 03:25:04","2022-10-02 14:28:59","0","100","126234","1","2022-10-02 14:28:59","anonymous","TH","1","1","65","0","1","1","10","10","1","4|3|2|1|5","21","45","0","0","34","4|3|2|1|5","1","4|3|2|1|5","28","28","15","9","20","4|3|2|1|5","7","83","17","2|1","3","24","76","2|1","4","4","2","3","7","1","ไทย","ไทย","ไทย","126234","Complete","60+","1","1","Control","Pass","FL_63","Control"
"397","2022-10-02 14:32:43","2022-10-02 14:36:45","0","100","242","1","2022-10-02 14:36:46","anonymous","TH","1","1","19","0","1","1","10","7","2","1|2|3|4|5","78","0","22","0","0","1|2|3|4|5","2","1|2|3|4|5","37","50","13","0","0","1|2|3|4|5","4","72","28","1|2","3","24","76","1|2","3","99","2","3","3","1","ไทย","ไทย","ไทย","242","Complete","18-29","1","0","Intervention","Pass","FL_76","Intervention"
"398","2022-10-02 15:35:35","2022-10-02 15:36:20","0","100","44","1","2022-10-02 15:36:21","anonymous","TH","1","1","33","1","1","1","","","","","","","","","","","","","","","","","","","","","","","","","","","","","","","","","ไทย","ไทย","ไทย","44","","30-39","","","","","",""
"399","2022-10-02 16:15:39","2022-10-02 16:19:47","0","100","247","1","2022-10-02 16:19:47","anonymous","TH","1","1","26","0","1","1","10","7","2","4|3|2|1|5","62","13","16","9","0","4|3|2|1|5","1","4|3|2|1|5","30","60","10","0","0","4|3|2|1|5","5","90","10","2|1","2","0","100","2|1","4","4","2","5","5","1","ไทย","ไทย","ไทย","247","Complete","18-29","1","0","Control","Pass","FL_76","Control"
"400","2022-10-02 19:01:52","2022-10-02 19:03:01","0","100","68","1","2022-10-02 19:03:01","anonymous","TH","0.8999999761581421","1","64","1","1","1","","","","","","","","","","","","","","","","","","","","","","","","","","","","","","","","","ไทย","ไทย","ไทย","68","","60+","","","","","",""
"401","2022-10-02 23:56:53","2022-10-03 00:10:09","0","100","795","1","2022-10-03 00:10:10","anonymous","TH","0.8999999761581421","1","65","0","1","1","10","10","1","4|3|2|1|5","50","40","0","0","10","4|3|2|1|5","1","4|3|2|1|5","45","40","0","10","5","4|3|2|1|5","7","10","90","2|1","4","10","90","2|1","4","7","2","3","5","1","ไทย","ไทย","ไทย","795","Complete","60+","0","0","Intervention","Pass","FL_88","Intervention"
"402","2022-10-03 02:01:33","2022-10-03 02:04:25","0","100","171","1","2022-10-03 02:04:25","anonymous","TH","0.8999999761581421","1","19","0","1","1","4","3","1","1|2|3|4|5","19","3","18","18","42","1|2|3|4|5","3","1|2|3|4|5","16","15","7","10","52","1|2|3|4|5","4","47","53","1|2","2","33","67","1|2","3","6","2","5","7","2","ไทย","ไทย","ไทย","171","Speeder","18-29","1","0","Intervention","Pass","FL_76","Intervention"
"403","2022-10-03 02:08:06","2022-10-03 02:12:48","0","100","282","1","2022-10-03 02:12:48","anonymous","TH","1","1","65","0","1","1","8","8","2","4|3|2|1|5","20","30","30","10","10","4|3|2|1|5","1","4|3|2|1|5","20","20","30","30","0","4|3|2|1|5","5","50","50","2|1","3","50","50","2|1","3","99","2","4","5","1","ไทย","ไทย","ไทย","282","Complete","60+","0","0","Control","Pass","FL_88","Control"
"404","2022-10-03 01:54:51","2022-10-03 02:12:58","0","100","1086","1","2022-10-03 02:12:58","anonymous","TH","0.8999999761581421","1","65","0","1","1","10","8","1","4|3|2|1|5","100","0","0","0","0","4|3|2|1|5","1","4|3|2|1|5","100","0","0","0","0","4|3|2|1|5","6","70","30","2|1","3","0","100","2|1","3","3","2","5","9","1","ไทย","ไทย","ไทย","1086","","60+","0","1","Control","Pass","FL_64","Control"
"405","2022-10-03 03:35:53","2022-10-03 03:42:05","0","100","371","1","2022-10-03 03:42:05","anonymous","TH","1","1","23","1","1","1","6","6","4","4|3|2|1|5","11","17","33","39","0","4|3|2|1|5","4","4|3|2|1|5","13","17","20","50","0","4|3|2|1|5","5","60","40","2|1","3","60","40","2|1","3","5","2","3","2","2","ไทย","ไทย","ไทย","371","Complete","18-29","0","1","Intervention","Pass","FL_64","Intervention"
"406","2022-10-03 03:44:04","2022-10-03 03:48:12","0","100","248","1","2022-10-03 03:48:13","anonymous","TH","1","1","29","1","1","1","10","10","1","1|2|3|4|5","50","50","0","0","0","1|2|3|4|5","1","1|2|3|4|5","52","0","0","0","48","1|2|3|4|5","5","62","38","1|2","2","20","80","1|2","2","5","2","3","0","2","ไทย","ไทย","ไทย","248","Complete","18-29","1","1","Intervention","Pass","FL_63","Intervention"
"407","2022-10-03 05:28:16","2022-10-03 05:30:03","0","100","107","1","2022-10-03 05:30:04","anonymous","TH","1","1","25","0","1","1","9","7","2","4|3|2|1|5","0","0","30","70","0","4|3|2|1|5","4","4|3|2|1|5","0","0","52","48","0","4|3|2|1|5","3","76","24","2|1","2","67","33","2|1","2","5","3","","","","ไทย","ไทย","ไทย","107","QualityFail","18-29","0","1","Control","Fail","FL_64","Control"
"408","2022-10-03 06:31:57","2022-10-03 06:40:18","0","100","501","1","2022-10-03 06:40:19","anonymous","TH","1","1","29","1","1","1","10","10","2","1|2|3|4|5","28","42","30","0","0","1|2|3|4|5","2","1|2|3|4|5","20","20","30","0","30","1|2|3|4|5","5","30","70","1|2","3","30","70","1|2","3","5","2","2","10","1","ไทย","ไทย","ไทย","501","Complete","18-29","0","0","Intervention","Pass","FL_88","Intervention"
"409","2022-10-03 06:41:37","2022-10-03 06:43:59","0","100","142","1","2022-10-03 06:44:00","anonymous","TH","1","1","65","1","1","1","","","","","","","","","","","","","","","","","","","","","","","","","","","","","","","","","ไทย","ไทย","ไทย","142","","60+","","","","","",""
"410","2022-10-03 06:49:33","2022-10-03 06:57:35","0","100","482","1","2022-10-03 06:57:36","anonymous","TH","1","1","23","0","1","1","10","10","1","4|3|2|1|5","78","16","3","3","0","4|3|2|1|5","1","4|3|2|1|5","50","20","15","10","5","4|3|2|1|5","7","75","25","2|1","3","70","30","2|1","3","2","2","3","3","1","ไทย","ไทย","ไทย","482","Complete","18-29","1","1","Control","Pass","FL_63","Control"
"411","2022-10-03 08:19:38","2022-10-03 08:20:26","0","100","48","1","2022-10-03 08:20:27","anonymous","TH","0.8999999761581421","1","61","1","1","1","","","","","","","","","","","","","","","","","","","","","","","","","","","","","","","","","ไทย","ไทย","ไทย","48","","60+","","","","","",""
"412","2022-10-03 09:45:42","2022-10-03 09:50:36","0","100","293","1","2022-10-03 09:50:36","anonymous","TH","1","1","18","0","1","1","5","10","2","4|3|2|1|5","0","60","0","40","0","4|3|2|1|5","2","4|3|2|1|5","0","0","78","22","0","4|3|2|1|5","6","70","30","2|1","3","0","100","2|1","3","6","2","3","5","1","ไทย","ไทย","ไทย","293","Complete","18-29","1","0","Control","Pass","FL_76","Control"
"413","2022-10-03 09:57:08","2022-10-03 09:57:53","0","100","45","1","2022-10-03 09:57:54","anonymous","TH","1","1","66","1","1","1","","","","","","","","","","","","","","","","","","","","","","","","","","","","","","","","","ไทย","ไทย","ไทย","45","","60+","","","","","",""
"414","2022-10-03 10:33:18","2022-10-03 10:38:23","0","100","304","1","2022-10-03 10:38:23","anonymous","TH","1","1","22","1","1","1","5","5","2","4|3|2|1|5","67","12","14","7","0","4|3|2|1|5","2","4|3|2|1|5","19","22","20","13","26","4|3|2|1|5","4","50","50","2|1","2","0","100","2|1","3","7","2","5","6","2","ไทย","ไทย","ไทย","304","Complete","18-29","1","0","Intervention","Pass","FL_76","Intervention"
"415","2022-10-03 11:49:12","2022-10-03 11:51:14","0","100","121","1","2022-10-03 11:51:14","anonymous","TH","1","1","27","0","1","1","4","7","3","4|3|2|1|5","0","27","45","28","0","4|3|2|1|5","2","4|3|2|1|5","0","0","28","72","0","4|3|2|1|5","4","50","50","2|1","4","47","53","2|1","4","7","2","5","4","1","ไทย","ไทย","ไทย","121","Speeder","18-29","0","1","Control","Pass","FL_64","Control"
"416","2022-10-03 13:05:28","2022-10-03 13:06:51","0","100","82","1","2022-10-03 13:06:51","anonymous","TH","1","1","77","1","0","1","","","","","","","","","","","","","","","","","","","","","","","","","","","","","","","","","ไทย","ไทย","ไทย","82","","60+","","","","","",""
"417","2022-10-03 13:31:22","2022-10-03 13:38:39","0","100","437","1","2022-10-03 13:38:40","anonymous","TH","1","1","29","1","1","1","10","9","1","4|3|2|1|5","73","19","8","0","0","4|3|2|1|5","2","4|3|2|1|5","28","20","17","25","10","4|3|2|1|5","6","12","88","2|1","3","4","96","2|1","4","5","2","3","5","2","ไทย","ไทย","ไทย","437","Complete","18-29","0","0","Intervention","Pass","FL_88","Intervention"
"418","2022-10-03 13:56:05","2022-10-03 13:57:40","0","100","94","1","2022-10-03 13:57:41","anonymous","TH","1","1","71","1","0","1","","","","","","","","","","","","","","","","","","","","","","","","","","","","","","","","","ไทย","ไทย","ไทย","94","","60+","","","","","",""
"419","2022-10-03 15:45:37","2022-10-03 15:50:43","0","100","305","1","2022-10-03 15:50:43","anonymous","TH","1","1","28","1","1","1","9","8","1","1|2|3|4|5","50","50","0","0","0","1|2|3|4|5","2","1|2|3|4|5","30","30","29","0","11","1|2|3|4|5","7","60","40","1|2","3","35","65","1|2","2","5","2","5","5","1","ไทย","ไทย","ไทย","305","Complete","18-29","1","1","Intervention","Pass","FL_63","Intervention"
"420","2022-10-03 16:24:23","2022-10-03 16:29:13","0","100","289","1","2022-10-03 16:29:13","anonymous","TH","0.8999999761581421","1","26","1","1","1","10","6","1","1|2|3|4|5","100","0","0","0","0","1|2|3|4|5","1","1|2|3|4|5","37","49","14","0","0","1|2|3|4|5","6","10","90","1|2","4","10","90","1|2","4","5","2","5","5","1","ไทย","ไทย","ไทย","289","Complete","18-29","1","0","Control","Pass","FL_76","Control"
"421","2022-10-03 17:22:38","2022-10-03 17:23:06","0","100","28","1","2022-10-03 17:23:07","anonymous","TH","1","1","64","1","1","1","","","","","","","","","","","","","","","","","","","","","","","","","","","","","","","","","ไทย","ไทย","ไทย","28","","60+","","","","","",""
"422","2022-10-04 02:52:53","2022-10-04 02:54:18","0","100","85","1","2022-10-04 02:54:19","anonymous","TH","1","1","35","1","1","1","","","","","","","","","","","","","","","","","","","","","","","","","","","","","","","","","ไทย","ไทย","ไทย","85","","30-39","","","","","",""
"423","2022-10-04 03:26:31","2022-10-04 03:27:13","0","100","41","1","2022-10-04 03:27:13","anonymous","TH","1","1","61","1","1","1","","","","","","","","","","","","","","","","","","","","","","","","","","","","","","","","","ไทย","ไทย","ไทย","41","","60+","","","","","",""
"424","2022-10-04 04:24:30","2022-10-04 04:25:49","0","100","79","1","2022-10-04 04:25:50","anonymous","TH","1","1","71","1","1","1","","","","","","","","","","","","","","","","","","","","","","","","","","","","","","","","","ไทย","ไทย","ไทย","79","","60+","","","","","",""
"425","2022-10-04 04:46:46","2022-10-04 04:52:23","0","100","337","1","2022-10-04 04:52:24","anonymous","TH","1","1","27","1","1","1","9","9","1","1|2|3|4|5","18","22","18","20","22","1|2|3|4|5","1","1|2|3|4|5","20","20","20","21","19","1|2|3|4|5","6","48","52","1|2","2","72","28","1|2","3","7","2","5","8","1","ไทย","ไทย","ไทย","337","Complete","18-29","0","1","Intervention","Pass","FL_64","Intervention"
"426","2022-10-04 04:58:11","2022-10-04 04:58:34","0","100","22","1","2022-10-04 04:58:34","anonymous","TH","0.8999999761581421","1","63","1","1","1","","","","","","","","","","","","","","","","","","","","","","","","","","","","","","","","","ไทย","ไทย","ไทย","22","","60+","","","","","",""
"427","2022-10-04 05:29:03","2022-10-04 05:33:31","0","100","267","1","2022-10-04 05:33:31","anonymous","TH","","1","26","0","1","1","10","8","1","1|2|3|4|5","83","7","6","4","0","1|2|3|4|5","2","1|2|3|4|5","52","12","22","14","0","1|2|3|4|5","7","75","25","1|2","3","51","49","1|2","3","5","2","4","5","1","ไทย","ไทย","ไทย","267","Complete","18-29","1","1","Control","Pass","FL_63","Control"
"428","2022-10-04 06:06:15","2022-10-04 06:06:38","0","100","22","1","2022-10-04 06:06:38","anonymous","TH","1","1","36","1","1","1","","","","","","","","","","","","","","","","","","","","","","","","","","","","","","","","","ไทย","ไทย","ไทย","22","","30-39","","","","","",""
"429","2022-10-04 06:10:24","2022-10-04 06:11:19","0","100","54","1","2022-10-04 06:11:20","anonymous","TH","0.8999999761581421","1","68","1","1","1","","","","","","","","","","","","","","","","","","","","","","","","","","","","","","","","","ไทย","ไทย","ไทย","54","","60+","","","","","",""
"430","2022-10-04 08:14:24","2022-10-04 08:17:15","0","100","171","1","2022-10-04 08:17:15","anonymous","TH","0.8999999761581421","1","29","0","1","1","7","7","2","1|2|3|4|5","0","63","37","0","0","1|2|3|4|5","2","1|2|3|4|5","43","39","18","0","0","1|2|3|4|5","6","39","61","1|2","3","20","80","1|2","3","6","2","5","5","1","ไทย","ไทย","ไทย","171","Speeder","18-29","0","0","Control","Pass","FL_88","Control"
"431","2022-10-04 09:06:10","2022-10-04 09:11:10","0","100","299","1","2022-10-04 09:11:12","anonymous","TH","1","1","66","1","1","1","","","","","","","","","","","","","","","","","","","","","","","","","","","","","","","","","ไทย","ไทย","ไทย","299","","60+","","","","","",""
"432","2022-10-04 09:44:44","2022-10-04 09:45:28","0","100","43","1","2022-10-04 09:45:28","anonymous","TH","1","1","61","1","1","1","","","","","","","","","","","","","","","","","","","","","","","","","","","","","","","","","ไทย","ไทย","ไทย","43","","60+","","","","","",""
"433","2022-10-04 09:54:24","2022-10-04 09:55:02","0","100","38","1","2022-10-04 09:55:02","anonymous","TH","1","1","27","1","1","1","","","","","","","","","","","","","","","","","","","","","","","","","","","","","","","","","ไทย","ไทย","ไทย","38","","18-29","","","","","",""
"434","2022-10-04 10:07:55","2022-10-04 10:08:24","0","100","28","1","2022-10-04 10:08:24","anonymous","TH","1","1","38","0","1","1","","","","","","","","","","","","","","","","","","","","","","","","","","","","","","","","","ไทย","ไทย","ไทย","28","","30-39","","","","","",""
"435","2022-10-04 10:05:48","2022-10-04 10:09:33","0","100","224","1","2022-10-04 10:09:33","anonymous","TH","1","1","48","0","1","1","10","10","2","1|2|3|4|5","0","20","0","0","80","1|2|3|4|5","2","1|2|3|4|5","80","20","0","0","0","1|2|3|4|5","5","80","20","1|2","3","82","18","1|2","2","7","2","5","8","1","ไทย","ไทย","ไทย","224","Complete","40-49","1","0","Intervention","Pass","FL_76","Intervention"
"436","2022-10-04 10:08:36","2022-10-04 10:10:28","0","100","111","1","2022-10-04 10:10:28","anonymous","TH","1","1","51","0","1","1","10","10","2","1|2|3|4|5","20","36","44","0","0","1|2|3|4|5","1","1|2|3|4|5","53","39","8","0","0","1|2|3|4|5","7","88","12","1|2","4","71","29","1|2","4","1","2","5","5","1","ไทย","ไทย","ไทย","111","Speeder","50-59","0","0","Control","Pass","FL_88","Control"
"437","2022-10-04 10:06:21","2022-10-04 10:10:50","0","100","269","1","2022-10-04 10:10:50","anonymous","TH","1","1","42","0","1","1","10","10","1","4|3|2|1|5","50","30","10","5","5","4|3|2|1|5","1","4|3|2|1|5","45","20","15","10","10","4|3|2|1|5","7","70","30","2|1","4","80","20","2|1","4","3","2","5","0","1","ไทย","ไทย","ไทย","269","Complete","40-49","1","1","Intervention","Pass","FL_63","Intervention"
"438","2022-10-04 10:11:06","2022-10-04 10:12:45","0","100","99","1","2022-10-04 10:12:45","anonymous","TH","1","1","36","0","1","1","","","","","","","","","","","","","","","","","","","","","","","","","","","","","","","","","ไทย","ไทย","ไทย","99","","30-39","","","","","",""
"439","2022-10-04 10:16:48","2022-10-04 10:25:22","0","100","514","1","2022-10-04 10:25:23","anonymous","TH","0.8999999761581421","1","51","0","1","1","10","10","2","4|3|2|1|5","15","40","30","5","10","4|3|2|1|5","2","4|3|2|1|5","30","40","10","10","10","4|3|2|1|5","6","50","50","2|1","4","40","60","2|1","3","5","2","6","1","1","ไทย","ไทย","ไทย","514","Complete","50-59","0","1","Intervention","Pass","FL_64","Intervention"
"440","2022-10-04 10:25:40","2022-10-04 10:31:02","0","100","321","1","2022-10-04 10:31:02","anonymous","TH","1","1","54","0","1","1","10","10","2","1|2|3|4|5","30","54","0","0","16","1|2|3|4|5","2","1|2|3|4|5","36","56","0","0","8","1|2|3|4|5","6","60","40","1|2","4","16","84","1|2","3","5","2","5","5","2","ไทย","ไทย","ไทย","321","Complete","50-59","1","1","Control","Pass","FL_63","Control"
"441","2022-10-04 10:31:03","2022-10-04 10:31:54","0","100","51","1","2022-10-04 10:31:54","anonymous","TH","0.8999999761581421","1","56","1","1","1","","","","","","","","","","","","","","","","","","","","","","","","","","","","","","","","","ไทย","ไทย","ไทย","51","","50-59","","","","","",""
"442","2022-10-04 10:33:27","2022-10-04 10:34:17","0","100","49","1","2022-10-04 10:34:17","anonymous","TH","1","1","49","0","1","1","","","","","","","","","","","","","","","","","","","","","","","","","","","","","","","","","ไทย","ไทย","ไทย","49","","40-49","","","","","",""
"443","2022-10-04 10:21:15","2022-10-04 10:35:24","0","100","848","1","2022-10-04 10:35:25","anonymous","TH","0.8999999761581421","1","53","0","1","1","10","5","5","4|3|2|1|5","25","30","30","12","3","4|3|2|1|5","5","4|3|2|1|5","15","26","26","24","9","4|3|2|1|5","7","80","20","2|1","3","49","51","2|1","3","99","2","5","5","1","ไทย","ไทย","ไทย","848","Complete","50-59","0","0","Control","Pass","FL_88","Control"
"444","2022-10-04 10:28:14","2022-10-04 10:37:42","0","100","568","1","2022-10-04 10:37:43","anonymous","TH","1","1","51","0","1","1","10","10","1","1|2|3|4|5","54","41","5","0","0","1|2|3|4|5","3","1|2|3|4|5","33","33","20","8","6","1|2|3|4|5","7","21","79","1|2","4","0","100","1|2","4","6","2","5","1","1","ไทย","ไทย","ไทย","568","Complete","50-59","0","0","Intervention","Pass","FL_88","Intervention"
"445","2022-10-04 10:37:18","2022-10-04 10:38:04","0","100","46","1","2022-10-04 10:38:04","anonymous","TH","1","1","52","0","1","1","9","10","","","","","","","","","","","","","","","","","","","","","","","","","","","","","","","ไทย","ไทย","ไทย","46","","50-59","","","","","FL_76",""
"446","2022-10-04 10:20:33","2022-10-04 10:39:06","0","100","1112","1","2022-10-04 10:39:06","anonymous","TH","1","1","55","0","1","1","10","10","2","1|2|3|4|5","40","30","0","0","30","1|2|3|4|5","2","1|2|3|4|5","25","25","20","0","30","1|2|3|4|5","","","","","","","","","","","","","","","ไทย","ไทย","ไทย","1112","","50-59","0","1","","","FL_64","Intervention"
"447","2022-10-04 10:29:15","2022-10-04 10:59:19","0","100","1803","1","2022-10-04 10:59:19","anonymous","TH","1","1","50","0","1","1","7","8","2","4|3|2|1|5","","","","","","","","","","","","","","","","","","","","","","","","","","","","","ไทย","ไทย","ไทย","1803","","50-59","","","","","FL_63",""
"448","2022-10-04 11:42:48","2022-10-04 11:46:47","0","100","238","1","2022-10-04 11:46:47","anonymous","TH","0.8999999761581421","1","22","0","1","1","10","10","1","4|3|2|1|5","61","25","14","0","0","4|3|2|1|5","2","4|3|2|1|5","23","36","16","0","25","4|3|2|1|5","4","33","67","2|1","3","46","54","2|1","3","7","2","5","5","3","ไทย","ไทย","ไทย","238","Complete","18-29","0","1","Control","Pass","FL_64","Control"
"449","2022-09-30 15:06:57","2022-09-30 15:09:22","0","64","144","0","2022-10-13 13:14:26","anonymous","TH","0.8999999761581421","1","33","0","1","1","5","4","","","","","","","","","1","4|3|2|1|5","25","30","0","30","15","4|3|2|1|5","","","","","","","","","","","","","","","ไทย","ไทย","ไทย","144","","30-39","","","","","FL_64",""
"450","2022-09-30 15:23:04","2022-09-30 15:29:17","0","61","373","0","2022-10-13 13:14:39","anonymous","TH","1","1","68","1","1","1","10","10","","","","","","","","","3","1|2|3|4|5","","","","","","","","","","","","","","","","","","","","","ไทย","ไทย","ไทย","373","","60+","","","","","FL_64",""
"451","2022-09-30 15:06:53","2022-09-30 15:08:29","0","59","96","0","2022-10-13 13:14:48","anonymous","TH","1","1","52","1","1","1","5","5","","","","","","","","","","","","","","","","","","","","","","","","","","","","","","","ไทย","ไทย","ไทย","96","","50-59","","","","","FL_76",""
"452","2022-10-01 15:56:35","2022-10-01 16:08:51","0","86","735","0","2022-10-13 13:14:48","anonymous","TH","1","1","62","0","1","1","10","10","1","4|3|2|1|5","0","21","20","20","39","4|3|2|1|5","1","4|3|2|1|5","20","20","0","0","60","4|3|2|1|5","7","34","66","2|1","4","37","63","2|1","4","","","","","","ไทย","ไทย","ไทย","735","","60+","0","1","Control","","FL_64","Control"
"453","2022-09-30 15:23:50","2022-09-30 15:26:25","0","59","155","0","2022-10-13 13:14:50","anonymous","TH","1","1","58","1","1","1","10","8","","","","","","","","","","","","","","","","","","","","","","","","","","","","","","","ไทย","ไทย","ไทย","155","","50-59","","","","","FL_76",""
"454","2022-10-01 10:44:49","2022-10-01 20:30:11","0","77","35122","0","2022-10-13 13:14:52","anonymous","TH","1","1","44","0","1","1","10","10","1","1|2|3|4|5","45","40","0","5","10","1|2|3|4|5","1","1|2|3|4|5","45","40","5","5","5","1|2|3|4|5","4","","","","","","","","","","","","","","ไทย","ไทย","ไทย","35122","","40-49","1","0","Intervention","","FL_76","Intervention"
"455","2022-09-29 12:33:49","2022-09-29 12:35:49","0","59","120","0","2022-10-13 13:14:54","anonymous","TH","1","1","43","0","1","1","8","8","","","","","","","","","","","","","","","","","","","","","","","","","","","","","","","ไทย","ไทย","ไทย","120","","40-49","","","","","FL_88",""
"456","2022-10-02 06:26:04","2022-10-02 06:28:58","0","61","173","0","2022-10-13 13:15:02","anonymous","TH","1","1","25","1","1","1","10","10","2","1|2|3|4|5","","","","","","","","","","","","","","","","","","","","","","","","","","","","","ไทย","ไทย","ไทย","173","","18-29","","","","","FL_63",""
"457","2022-09-30 15:27:26","2022-09-30 15:28:42","0","59","75","0","2022-10-13 13:15:08","anonymous","TH","1","1","42","1","1","1","9","8","","","","","","","","","","","","","","","","","","","","","","","","","","","","","","","ไทย","ไทย","ไทย","75","","40-49","","","","","FL_63",""
"458","2022-09-30 15:33:44","2022-09-30 15:44:43","0","68","659","0","2022-10-13 13:15:11","anonymous","TH","1","1","70","1","1","1","0","10","1","4|3|2|1|5","0","80","0","0","20","4|3|2|1|5","2","4|3|2|1|5","","","","","","","","","","","","","","","","","","","","","ไทย","ไทย","ไทย","659","","60+","","","","","FL_63",""
"459","2022-09-30 15:38:00","2022-09-30 15:57:12","0","59","1152","0","2022-10-13 13:15:16","anonymous","TH","0.8999999761581421","1","41","0","1","1","10","10","","","","","","","","","","","","","","","","","","","","","","","","","","","","","","","ไทย","ไทย","ไทย","1152","","40-49","","","","","FL_76",""
"460","2022-09-30 17:41:14","2022-09-30 17:45:53","0","77","278","0","2022-10-13 13:15:31","anonymous","TH","1","1","61","1","1","1","10","10","1","4|3|2|1|5","0","0","0","100","0","4|3|2|1|5","5","4|3|2|1|5","100","0","0","0","0","4|3|2|1|5","7","","","","","","","","","","","","","","ไทย","ไทย","ไทย","278","","60+","1","0","Control","","FL_76","Control"
"461","2022-10-01 04:14:12","2022-10-01 04:19:18","0","59","306","0","2022-10-13 13:15:44","anonymous","TH","0.8999999761581421","1","61","0","1","1","10","10","","","","","","","","","","","","","","","","","","","","","","","","","","","","","","","ไทย","ไทย","ไทย","306","","60+","","","","","FL_64",""
"462","2022-10-01 07:03:30","2022-10-01 07:10:17","0","75","407","0","2022-10-13 13:15:50","anonymous","TH","1","1","63","0","1","1","10","10","1","4|3|2|1|5","10","10","10","50","20","4|3|2|1|5","1","4|3|2|1|5","10","20","20","20","30","4|3|2|1|5","","","","","","","","","","","","","","","ไทย","ไทย","ไทย","407","","60+","0","0","Control","","FL_88","Control"
"463","2022-10-02 02:20:01","2022-10-02 02:23:11","8","5","189","0","2022-10-13 13:15:57","anonymous","TH","1","1","","","","","","","","","","","","","","","","","","","","","","","","","","","","","","","","","","","","","ไทย","ไทย","ไทย","189","","","","","","","",""
"464","2022-10-02 16:47:27","2022-10-02 16:59:08","0","61","701","0","2022-10-13 13:16:01","anonymous","TH","0.8999999761581421","1","69","0","1","1","1","1","1","1|2|3|4|5","","","","","","","","","","","","","","","","","","","","","","","","","","","","","ไทย","ไทย","ไทย","701","","60+","","","","","FL_63",""
"465","2022-10-04 10:20:22","2022-10-04 10:27:13","0","66","410","0","2022-10-13 13:16:02","anonymous","TH","0.8999999761581421","1","58","0","1","1","10","10","2","1|2|3|4|5","15","40","12","18","15","1|2|3|4|5","","","","","","","","","","","","","","","","","","","","","","","ไทย","ไทย","ไทย","410","","50-59","","","","","FL_76",""
